EXPeriment     = CERN-NA-4                     
REACtion       = muon P --> muon X
Plab           = 280 GeV                                    
Collaboration  = BCDMS                  
Author         = Benvenuti et al  
REFerence      = Phys. Lett. 223B (1989) 485    
Additional info: The proton structure function as measured by the BCDMS 
                 Collaboration in 280 GeV muon-proton deep inelastic 
                 scattering.
        

   x       Q**2      F2            errors          F2           errors 
         (GeV**2)    R=0.0     stat.     sys.      R=QCD    stat.     sys.

 0.100    32.50      0.39629   0.00559   0.00255   0.40558  0.00572   0.00261  
 0.100    37.50      0.39408   0.00630   0.00190   0.40695  0.00651   0.00197  
 0.140    37.50      0.37285   0.00654   0.00167   0.37701  0.00661   0.00169  
 0.140    43.00      0.37063   0.00645   0.00153   0.37628  0.00655   0.00155  
 0.140    49.50      0.35668   0.00661   0.00146   0.36420  0.00675   0.00149  
 0.140    57.00      0.37001   0.00802   0.00143   0.38075  0.00825   0.00147  
 0.180    37.50      0.34630   0.00695   0.00140   0.34807  0.00699   0.00141  
 0.180    43.00      0.35894   0.00694   0.00124   0.36142  0.00699   0.00125  
 0.180    49.50      0.33701   0.00706   0.00122   0.34020  0.00713   0.00123  
 0.180    57.00      0.34082   0.00475   0.00081   0.34527  0.00481   0.00082  
 0.180    65.50      0.33512   0.00504   0.00080   0.34112  0.00513   0.00081  
 0.225    37.50      0.31199   0.00658   0.00141   0.31280  0.00660   0.00141  
 0.225    43.00      0.30882   0.00631   0.00127   0.30989  0.00633   0.00128  
 0.225    49.50      0.31671   0.00659   0.00110   0.31821  0.00662   0.00110  
 0.225    57.00      0.30994   0.00435   0.00067   0.31194  0.00438   0.00067  
 0.225    65.50      0.31282   0.00470   0.00074   0.31557  0.00474   0.00075  
 0.225    75.00      0.30247   0.00499   0.00063   0.30609  0.00505   0.00064  
 0.225    86.00      0.30229   0.00533   0.00068   0.30722  0.00542   0.00069  
 0.275    37.50      0.27396   0.00704   0.00105   0.27435  0.00705   0.00105  
 0.275    43.00      0.27856   0.00659   0.00094   0.27909  0.00660   0.00094  
 0.275    49.50      0.26652   0.00657   0.00101   0.26720  0.00659   0.00101  
 0.275    57.00      0.27485   0.00459   0.00098   0.27580  0.00461   0.00098  
 0.275    65.50      0.26066   0.00471   0.00081   0.26187  0.00473   0.00081  
 0.275    75.00      0.27476   0.00518   0.00087   0.27649  0.00521   0.00087  
 0.275    86.00      0.25960   0.00508   0.00045   0.26182  0.00512   0.00045  
 0.275    99.00      0.25794   0.00630   0.00045   0.26097  0.00637   0.00045  
 0.275   115.50      0.25851   0.00693   0.00045   0.26278  0.00704   0.00046  
 0.350    43.00      0.20759   0.00472   0.00091   0.20778  0.00472   0.00091  
 0.350    49.50      0.21481   0.00480   0.00080   0.21507  0.00481   0.00080  
 0.350    57.00      0.21242   0.00329   0.00075   0.21277  0.00330   0.00075  
 0.350    65.50      0.20092   0.00333   0.00061   0.20136  0.00334   0.00062  
 0.350    75.00      0.20936   0.00360   0.00055   0.20997  0.00361   0.00056  
 0.350    86.00      0.20583   0.00358   0.00072   0.20664  0.00359   0.00073  
 0.350    99.00      0.20313   0.00375   0.00062   0.20421  0.00377   0.00062  
 0.350   115.50      0.20358   0.00441   0.00041   0.20511  0.00444   0.00041  
 0.350   137.50      0.20044   0.00472   0.00040   0.20266  0.00477   0.00041  
 0.450    43.00      0.12927   0.00441   0.00124   0.12933  0.00441   0.00124  
 0.450    49.50      0.13776   0.00453   0.00126   0.13784  0.00453   0.00126  
 0.450    57.00      0.13211   0.00296   0.00084   0.13221  0.00296   0.00084  
 0.450    65.50      0.12867   0.00308   0.00068   0.12880  0.00308   0.00069  
 0.450    75.00      0.13325   0.00326   0.00058   0.13342  0.00326   0.00058  
 0.450    86.00      0.12660   0.00317   0.00055   0.12682  0.00318   0.00055  
 0.450    99.00      0.13142   0.00336   0.00051   0.13172  0.00337   0.00051  
 0.450   115.50      0.11975   0.00329   0.00045   0.12014  0.00330   0.00045  
 0.450   137.50      0.11797   0.00388   0.00035   0.11853  0.00390   0.00036  
 0.450   175.00      0.11841   0.00365   0.00033   0.11937  0.00368   0.00034  
 0.550    43.00      0.07503   0.00349   0.00132   0.07505  0.00349   0.00132  
 0.550    49.50      0.07680   0.00348   0.00120   0.07682  0.00348   0.00120  
 0.550    57.00      0.07392   0.00221   0.00098   0.07395  0.00221   0.00098  
 0.550    65.50      0.06995   0.00234   0.00079   0.06999  0.00234   0.00079  
 0.550    75.00      0.07265   0.00258   0.00071   0.07270  0.00258   0.00071  
 0.550    86.00      0.06750   0.00247   0.00061   0.06756  0.00247   0.00061  
 0.550    99.00      0.06949   0.00262   0.00054   0.06957  0.00262   0.00054  
 0.550   115.50      0.06775   0.00263   0.00048   0.06786  0.00263   0.00048  
 0.550   137.50      0.07042   0.00324   0.00046   0.07058  0.00325   0.00046  
 0.550   175.00      0.05990   0.00273   0.00034   0.06013  0.00274   0.00034  
 0.550   230.00      0.06091   0.00366   0.00029   0.06133  0.00369   0.00029  
 0.650    49.50      0.03371   0.00212   0.00129   0.03372  0.00212   0.00129  
 0.650    57.00      0.03359   0.00136   0.00109   0.03360  0.00136   0.00109  
 0.650    65.50      0.03077   0.00138   0.00082   0.03078  0.00138   0.00082  
 0.650    75.00      0.03236   0.00156   0.00075   0.03237  0.00156   0.00075  
 0.650    86.00      0.03091   0.00160   0.00061   0.03092  0.00160   0.00062  
 0.650    99.00      0.03182   0.00173   0.00054   0.03184  0.00173   0.00055  
 0.650   115.50      0.02900   0.00167   0.00044   0.02902  0.00167   0.00044  
 0.650   137.50      0.03160   0.00221   0.00041   0.03164  0.00221   0.00041  
 0.650   175.00      0.02724   0.00189   0.00030   0.02729  0.00189   0.00030  
 0.650   230.00      0.02965   0.00248   0.00027   0.02975  0.00249   0.00027  
 0.750    57.00      0.01165   0.00077   0.00112   0.01165  0.00077   0.00112  
 0.750    65.50      0.01225   0.00087   0.00103   0.01225  0.00087   0.00103  
 0.750    75.00      0.01111   0.00091   0.00080   0.01111  0.00091   0.00080  
 0.750    86.00      0.00985   0.00088   0.00061   0.00985  0.00088   0.00061  
 0.750    99.00      0.01010   0.00098   0.00049   0.01010  0.00098   0.00049  
 0.750   115.50      0.00833   0.00093   0.00036   0.00833  0.00093   0.00036  
 0.750   137.50      0.00925   0.00106   0.00033   0.00926  0.00106   0.00033  
 0.750   175.00      0.00832   0.00098   0.00025   0.00833  0.00098   0.00025  
 0.750   230.00      0.00798   0.00130   0.00016   0.00799  0.00130   0.00016  
