EXPeriment      = CERN-NA-4                       
REACtion        = muon deuterium --> muon X                              
Collaboration   = BCDMS                 
Author          = Benvenuti et al 1989
REFerence       = Phys. Lett. 237B 592                          
Additional info = The nucleon structure function as measured by the BCDMS 
                  Collaboration with a deuterium target at 200 GeV.


   x      Q**2       F2            errors          F2           errors 
        (GeV**2)     R=0.0     stat.     sys.      R=QCD    stat.     sys.

 0.070    17.00      0.37420   0.00686   0.00622   0.39517  0.00724   0.00656  
 0.070    19.00      0.36040   0.00597   0.00608   0.38663  0.00640   0.00651  
 0.100    19.00      0.35627   0.00466   0.00324   0.36425  0.00476   0.00333  
 0.100    21.50      0.36119   0.00392   0.00353   0.37191  0.00404   0.00364  
 0.100    24.50      0.35010   0.00416   0.00291   0.36414  0.00433   0.00303  
 0.140    21.50      0.33493   0.00434   0.00281   0.33812  0.00438   0.00282  
 0.140    24.50      0.34013   0.00457   0.00324   0.34444  0.00463   0.00329  
 0.140    28.00      0.32720   0.00419   0.00234   0.33278  0.00426   0.00237  
 0.140    32.50      0.32015   0.00421   0.00227   0.32780  0.00431   0.00232  
 0.180    21.50      0.30177   0.00485   0.00268   0.30303  0.00487   0.00270  
 0.180    24.50      0.30154   0.00493   0.00211   0.30320  0.00496   0.00213  
 0.180    28.00      0.30541   0.00465   0.00218   0.30764  0.00468   0.00220  
 0.180    32.50      0.30445   0.00369   0.00197   0.30751  0.00373   0.00199  
 0.180    37.50      0.29470   0.00376   0.00121   0.29877  0.00381   0.00123  
 0.180    43.00      0.29398   0.00373   0.00111   0.29948  0.00380   0.00113  
 0.225    28.00      0.27552   0.00443   0.00197   0.27651  0.00445   0.00197  
 0.225    32.50      0.26457   0.00421   0.00180   0.26586  0.00423   0.00180  
 0.225    37.50      0.26632   0.00339   0.00121   0.26808  0.00341   0.00123  
 0.225    43.00      0.26452   0.00331   0.00125   0.26686  0.00334   0.00125  
 0.225    49.50      0.25623   0.00334   0.00158   0.25931  0.00338   0.00159  
 0.225    57.00      0.24538   0.00436   0.00107   0.24941  0.00443   0.00109  
 0.275    28.00      0.24510   0.00457   0.00173   0.24560  0.00458   0.00173  
 0.275    32.50      0.23687   0.00433   0.00168   0.23751  0.00434   0.00168  
 0.275    37.50      0.22244   0.00325   0.00097   0.22324  0.00326   0.00097  
 0.275    43.00      0.22320   0.00321   0.00095   0.22426  0.00323   0.00095  
 0.275    49.50      0.22215   0.00327   0.00121   0.22357  0.00329   0.00123  
 0.275    57.00      0.21767   0.00344   0.00085   0.21954  0.00347   0.00085  
 0.275    65.50      0.22322   0.00458   0.00114   0.22581  0.00463   0.00114  
 0.275    75.00      0.20815   0.00458   0.00178   0.21139  0.00465   0.00182  
 0.350    32.50      0.17975   0.00302   0.00116   0.18002  0.00302   0.00116  
 0.350    37.50      0.17028   0.00220   0.00087   0.17061  0.00220   0.00087  
 0.350    43.00      0.17086   0.00216   0.00111   0.17128  0.00217   0.00111  
 0.350    49.50      0.16730   0.00215   0.00085   0.16784  0.00216   0.00085  
 0.350    57.00      0.16606   0.00226   0.00121   0.16677  0.00227   0.00121  
 0.350    65.50      0.16045   0.00240   0.00068   0.16136  0.00241   0.00069  
 0.350    75.00      0.15978   0.00301   0.00061   0.16098  0.00303   0.00061  
 0.350    86.00      0.16018   0.00314   0.00126   0.16179  0.00317   0.00128  
 0.350    99.00      0.14935   0.00337   0.00069   0.15136  0.00342   0.00071  
 0.450    32.50      0.10618   0.00273   0.00152   0.10628  0.00273   0.00152  
 0.450    37.50      0.10392   0.00292   0.00121   0.10404  0.00292   0.00123  
 0.450    43.00      0.10567   0.00190   0.00113   0.10582  0.00190   0.00113  
 0.450    49.50      0.10340   0.00189   0.00087   0.10359  0.00189   0.00087  
 0.450    57.00      0.10321   0.00195   0.00085   0.10345  0.00195   0.00087  
 0.450    65.50      0.10038   0.00205   0.00074   0.10068  0.00206   0.00074  
 0.450    75.00      0.09919   0.00258   0.00064   0.09958  0.00259   0.00064  
 0.450    86.00      0.09492   0.00261   0.00074   0.09540  0.00262   0.00074  
 0.450    99.00      0.09065   0.00270   0.00048   0.09126  0.00272   0.00048  
 0.450   115.50      0.09187   0.00272   0.00062   0.09271  0.00274   0.00062  
 0.550    32.50      0.05383   0.00192   0.00213   0.05387  0.00192   0.00213  
 0.550    37.50      0.05319   0.00214   0.00175   0.05323  0.00214   0.00175  
 0.550    43.00      0.05346   0.00132   0.00144   0.05352  0.00132   0.00144  
 0.550    49.50      0.05282   0.00135   0.00123   0.05289  0.00135   0.00123  
 0.550    57.00      0.05373   0.00147   0.00099   0.05382  0.00147   0.00099  
 0.550    65.50      0.05221   0.00154   0.00076   0.05231  0.00154   0.00076  
 0.550    75.00      0.05218   0.00169   0.00071   0.05231  0.00169   0.00071  
 0.550    86.00      0.04913   0.00198   0.00061   0.04929  0.00199   0.00061  
 0.550    99.00      0.05086   0.00213   0.00052   0.05107  0.00214   0.00052  
 0.550   115.50      0.04983   0.00214   0.00045   0.05010  0.00215   0.00045  
 0.550   137.50      0.04556   0.00213   0.00042   0.04591  0.00215   0.00042  
 0.650    32.50      0.02538   0.00115   0.00232   0.02539  0.00115   0.00232  
 0.650    37.50      0.02531   0.00128   0.00208   0.02533  0.00128   0.00208  
 0.650    43.00      0.02316   0.00074   0.00161   0.02318  0.00074   0.00161  
 0.650    49.50      0.02468   0.00082   0.00151   0.02471  0.00082   0.00151  
 0.650    57.00      0.02318   0.00085   0.00113   0.02321  0.00085   0.00113  
 0.650    65.50      0.02269   0.00094   0.00087   0.02272  0.00094   0.00088  
 0.650    75.00      0.02195   0.00103   0.00066   0.02199  0.00103   0.00068  
 0.650    86.00      0.02052   0.00123   0.00054   0.02057  0.00123   0.00054  
 0.650    99.00      0.02144   0.00138   0.00048   0.02150  0.00138   0.00050  
 0.650   115.50      0.01997   0.00135   0.00038   0.02005  0.00136   0.00038  
 0.650   137.50      0.01944   0.00146   0.00031   0.01954  0.00147   0.00031  
 0.750    43.00      0.00934   0.00046   0.00158   0.00935  0.00046   0.00158  
 0.750    49.50      0.00935   0.00049   0.00139   0.00936  0.00049   0.00140  
 0.750    57.00      0.00830   0.00053   0.00113   0.00831  0.00053   0.00113  
 0.750    65.50      0.00764   0.00055   0.00092   0.00765  0.00055   0.00092  
 0.750    75.00      0.00803   0.00063   0.00087   0.00804  0.00063   0.00087  
 0.750    86.00      0.00720   0.00064   0.00066   0.00721  0.00064   0.00066  
 0.750    99.00      0.00857   0.00081   0.00069   0.00859  0.00081   0.00069  
 0.750   115.50      0.00673   0.00074   0.00043   0.00675  0.00074   0.00043  
 0.750   137.50      0.00661   0.00081   0.00035   0.00664  0.00081   0.00035  
