EXPeriment      = CERN-NA-4                       
REACtion        = muon deuterium --> muon X                             
Collaboration   = BCDMS               
Author          = Benvenuti et al 
REFerence       = Phys. Lett. 237B (1989) 592                           
Additional info = The nucleon structure function as measured by the BCDMS 
                  Collaboration with a deuterium target at 120 GeV.


   x      Q**2       F2            errors          F2           errors 
        (GeV**2)     R=0.0     stat.     sys.      R=QCD    stat.     sys.

 0.070     8.75      0.36575   0.00643   0.00679   0.38165  0.00671   0.00708  
 0.070    10.25      0.36092   0.00606   0.00721   0.38360  0.00644   0.00766  
 0.100    10.25      0.35360   0.00437   0.00461   0.36055  0.00446   0.00469  
 0.100    11.75      0.35702   0.00463   0.00476   0.36655  0.00475   0.00488  
 0.100    13.25      0.34834   0.00489   0.00428   0.36055  0.00506   0.00443  
 0.140    11.75      0.33013   0.00504   0.00381   0.33304  0.00508   0.00385  
 0.140    13.25      0.34016   0.00544   0.00397   0.34403  0.00550   0.00402  
 0.140    15.00      0.33475   0.00498   0.00386   0.33974  0.00505   0.00391  
 0.140    17.00      0.33123   0.00554   0.00364   0.33773  0.00565   0.00371  
 0.140    19.00      0.33780   0.00632   0.00355   0.34631  0.00648   0.00364  
 0.180    11.75      0.31451   0.00599   0.00369   0.31578  0.00601   0.00371  
 0.180    13.25      0.31298   0.00605   0.00355   0.31458  0.00608   0.00357  
 0.180    15.00      0.30061   0.00544   0.00334   0.30259  0.00548   0.00338  
 0.180    17.00      0.30601   0.00612   0.00343   0.30863  0.00617   0.00346  
 0.180    19.00      0.30947   0.00668   0.00348   0.31282  0.00675   0.00352  
 0.180    21.50      0.29547   0.00591   0.00315   0.29966  0.00599   0.00320  
 0.180    24.50      0.29306   0.00719   0.00307   0.29859  0.00733   0.00312  
 0.225    11.75      0.27761   0.00562   0.00320   0.27821  0.00563   0.00320  
 0.225    13.25      0.28678   0.00594   0.00331   0.28755  0.00596   0.00331  
 0.225    15.00      0.27833   0.00535   0.00307   0.27928  0.00537   0.00307  
 0.225    17.00      0.27099   0.00560   0.00293   0.27217  0.00562   0.00294  
 0.225    19.00      0.27198   0.00615   0.00300   0.27346  0.00618   0.00301  
 0.225    21.50      0.26953   0.00556   0.00303   0.27142  0.00560   0.00305  
 0.225    24.50      0.26596   0.00621   0.00279   0.26840  0.00627   0.00282  
 0.225    28.00      0.25886   0.00557   0.00109   0.26202  0.00564   0.00111  
 0.225    32.50      0.25756   0.00547   0.00094   0.26189  0.00556   0.00095  
 0.275    13.25      0.25851   0.00631   0.00291   0.25894  0.00632   0.00291  
 0.275    15.00      0.24795   0.00543   0.00319   0.24846  0.00544   0.00319  
 0.275    17.00      0.23909   0.00569   0.00262   0.23970  0.00570   0.00263  
 0.275    19.00      0.23758   0.00624   0.00282   0.23833  0.00626   0.00282  
 0.275    21.50      0.23279   0.00551   0.00242   0.23372  0.00553   0.00244  
 0.275    24.50      0.23450   0.00436   0.00137   0.23571  0.00438   0.00137  
 0.275    28.00      0.23381   0.00411   0.00128   0.23538  0.00414   0.00128  
 0.275    32.50      0.22833   0.00431   0.00088   0.23041  0.00435   0.00090  
 0.275    37.50      0.21961   0.00566   0.00113   0.22231  0.00573   0.00113  
 0.275    43.00      0.21705   0.00578   0.00166   0.22061  0.00587   0.00170  
 0.350    13.25      0.18290   0.00423   0.00236   0.18309  0.00423   0.00236  
 0.350    15.00      0.18873   0.00387   0.00241   0.18897  0.00387   0.00241  
 0.350    17.00      0.17893   0.00398   0.00191   0.17921  0.00399   0.00191  
 0.350    19.00      0.17382   0.00416   0.00197   0.17414  0.00417   0.00197  
 0.350    21.50      0.18531   0.00393   0.00204   0.18573  0.00394   0.00204  
 0.350    24.50      0.17836   0.00288   0.00132   0.17887  0.00289   0.00132  
 0.350    28.00      0.17729   0.00268   0.00109   0.17794  0.00269   0.00109  
 0.350    32.50      0.17661   0.00275   0.00083   0.17747  0.00276   0.00083  
 0.350    37.50      0.17234   0.00372   0.00048   0.17344  0.00374   0.00048  
 0.350    43.00      0.16928   0.00364   0.00097   0.17070  0.00367   0.00099  
 0.350    49.50      0.16545   0.00377   0.00050   0.16729  0.00381   0.00050  
 0.350    57.00      0.16205   0.00431   0.00094   0.16445  0.00437   0.00095  
 0.450    13.25      0.12068   0.00403   0.00236   0.12077  0.00403   0.00236  
 0.450    15.00      0.11853   0.00364   0.00218   0.11864  0.00364   0.00218  
 0.450    17.00      0.12108   0.00388   0.00204   0.12121  0.00388   0.00204  
 0.450    19.00      0.11283   0.00402   0.00194   0.11297  0.00402   0.00194  
 0.450    21.50      0.11759   0.00367   0.00171   0.11777  0.00368   0.00171  
 0.450    24.50      0.10949   0.00246   0.00111   0.10969  0.00246   0.00111  
 0.450    28.00      0.10915   0.00231   0.00104   0.10940  0.00232   0.00104  
 0.450    32.50      0.10904   0.00230   0.00083   0.10935  0.00231   0.00083  
 0.450    37.50      0.10842   0.00266   0.00080   0.10882  0.00267   0.00080  
 0.450    43.00      0.10518   0.00303   0.00083   0.10567  0.00304   0.00083  
 0.450    49.50      0.09777   0.00303   0.00064   0.09836  0.00305   0.00064  
 0.450    57.00      0.10295   0.00333   0.00099   0.10376  0.00336   0.00100  
 0.450    65.50      0.09701   0.00350   0.00055   0.09801  0.00354   0.00057  
 0.450    75.00      0.09586   0.00414   0.00043   0.09714  0.00420   0.00043  
 0.550    15.00      0.05869   0.00241   0.00268   0.05873  0.00241   0.00268  
 0.550    17.00      0.05714   0.00256   0.00229   0.05719  0.00256   0.00230  
 0.550    19.00      0.06287   0.00303   0.00206   0.06293  0.00303   0.00206  
 0.550    21.50      0.05920   0.00264   0.00177   0.05927  0.00264   0.00177  
 0.550    24.50      0.05595   0.00280   0.00147   0.05603  0.00280   0.00147  
 0.550    28.00      0.05904   0.00172   0.00130   0.05914  0.00172   0.00132  
 0.550    32.50      0.05668   0.00171   0.00100   0.05680  0.00171   0.00100  
 0.550    37.50      0.05511   0.00194   0.00085   0.05526  0.00195   0.00087  
 0.550    43.00      0.05589   0.00234   0.00080   0.05607  0.00235   0.00080  
 0.550    49.50      0.05493   0.00241   0.00066   0.05516  0.00242   0.00066  
 0.550    57.00      0.04965   0.00240   0.00050   0.04991  0.00241   0.00050  
 0.550    65.50      0.05175   0.00270   0.00047   0.05210  0.00272   0.00047  
 0.550    75.00      0.04983   0.00286   0.00040   0.05026  0.00288   0.00042  
 0.550    86.00      0.04681   0.00298   0.00038   0.04732  0.00301   0.00040   
 0.650    17.00      0.02807   0.00152   0.00320   0.02809  0.00152   0.00320   
 0.650    19.00      0.02869   0.00176   0.00284   0.02872  0.00176   0.00284   
 0.650    21.50      0.02673   0.00151   0.00241   0.02676  0.00151   0.00241   
 0.650    24.50      0.02861   0.00183   0.00220   0.02864  0.00183   0.00220   
 0.650    28.00      0.02370   0.00159   0.00154   0.02373  0.00159   0.00156   
 0.650    32.50      0.02460   0.00100   0.00126   0.02464  0.00100   0.00126   
 0.650    37.50      0.02521   0.00119   0.00106   0.02526  0.00119   0.00106   
 0.650    43.00      0.02659   0.00152   0.00095   0.02666  0.00152   0.00095   
 0.650    49.50      0.02449   0.00157   0.00074   0.02457  0.00158   0.00074   
 0.650    57.00      0.02296   0.00163   0.00057   0.02305  0.00164   0.00057   
 0.650    65.50      0.02062   0.00168   0.00045   0.02072  0.00169   0.00045   
 0.650    75.00      0.02491   0.00211   0.00047   0.02507  0.00212   0.00048   
 0.650    86.00      0.01926   0.00194   0.00035   0.01941  0.00196   0.00035   
 0.650    99.00      0.02329   0.00234   0.00035   0.02352  0.00236   0.00035  
 0.750    32.50      0.00867   0.00054   0.00107   0.00868  0.00054   0.00107  
 0.750    37.50      0.00984   0.00073   0.00107   0.00986  0.00073   0.00107  
 0.750    43.00      0.00800   0.00070   0.00076   0.00802  0.00070   0.00076  
 0.750    49.50      0.00861   0.00082   0.00071   0.00863  0.00082   0.00073  
 0.750    57.00      0.00876   0.00092   0.00061   0.00879  0.00092   0.00062  
 0.750    65.50      0.00785   0.00098   0.00048   0.00788  0.00098   0.00048  
 0.750    75.00      0.00775   0.00110   0.00036   0.00779  0.00111   0.00038  
 0.750    86.00      0.00707   0.00115   0.00029   0.00711  0.00116   0.00029  
 0.750    99.00      0.00651   0.00123   0.00023   0.00656  0.00124   0.00023  
