EXPeriment      = CERN-NA-4 
REACtion        = muon P --> muon X                                   
Plab            = 100 GeV
Collaboration   = BCDMS                    
Author          = Benvenuti et al 
REFerence       = Phys. Lett. 223B (1989) 485                            
Additional info : The proton structure function as measured by the BCDMS 
                  Collaboration in 100 GeV muon-proton deep inelastic 
                  scattering.

   x       Q**2      F2            errors          F2           errors 
         (GeV**2)    R=0.0     stat.     sys.      R=QCD    stat.     sys.

 0.070     7.50      0.38934   0.00600   0.00412   0.40205  0.00620   0.00425  
 0.070     8.75      0.37624   0.00521   0.00488   0.39363  0.00545   0.00510  
 0.100     7.50      0.38055   0.00424   0.00277   0.38468  0.00429   0.00280  
 0.100     8.75      0.38347   0.00351   0.00303   0.38926  0.00356   0.00307  
 0.100    10.25      0.37960   0.00362   0.00297   0.38772  0.00370   0.00304  
 0.140     8.75      0.37560   0.00390   0.00246   0.37768  0.00392   0.00248  
 0.140    10.25      0.37676   0.00396   0.00258   0.37965  0.00399   0.00260  
 0.140    11.75      0.37259   0.00430   0.00263   0.37641  0.00434   0.00265  
 0.140    13.25      0.36575   0.00468   0.00228   0.37062  0.00474   0.00231  
 0.140    15.00      0.37196   0.00481   0.00250   0.37847  0.00489   0.00254  
 0.180     8.75      0.36786   0.00489   0.00274   0.36886  0.00490   0.00274  
 0.180    10.25      0.36457   0.00474   0.00236   0.36592  0.00476   0.00237  
 0.180    11.75      0.36492   0.00501   0.00239   0.36670  0.00503   0.00240  
 0.180    13.25      0.36270   0.00534   0.00252   0.36497  0.00537   0.00254  
 0.180    15.00      0.36228   0.00521   0.00231   0.36523  0.00525   0.00233  
 0.180    17.00      0.35350   0.00571   0.00218   0.35727  0.00577   0.00220  
 0.225    10.25      0.34051   0.00481   0.00228   0.34120  0.00482   0.00229  
 0.225    11.75      0.34545   0.00501   0.00223   0.34635  0.00502   0.00224  
 0.225    13.25      0.33693   0.00520   0.00214   0.33805  0.00522   0.00215  
 0.225    15.00      0.33517   0.00490   0.00213   0.33659  0.00492   0.00214  
 0.225    17.00      0.31962   0.00522   0.00197   0.32138  0.00525   0.00198  
 0.225    19.00      0.32172   0.00578   0.00209   0.32395  0.00582   0.00210  
 0.225    21.50      0.31154   0.00552   0.00196   0.31436  0.00557   0.00198  
 0.225    24.50      0.32112   0.00522   0.00059   0.32498  0.00528   0.00059  
 0.225    28.00      0.31410   0.00529   0.00077   0.31917  0.00538   0.00078  
 0.275    10.25      0.30440   0.00536   0.00299   0.30476  0.00537   0.00299  
 0.275    11.75      0.29925   0.00545   0.00216   0.29971  0.00546   0.00216  
 0.275    13.25      0.30155   0.00574   0.00195   0.30213  0.00575   0.00196  
 0.275    15.00      0.30341   0.00527   0.00187   0.30414  0.00528   0.00187  
 0.275    17.00      0.30373   0.00564   0.00185   0.30467  0.00566   0.00185  
 0.275    19.00      0.28923   0.00592   0.00181   0.29035  0.00594   0.00182  
 0.275    21.50      0.29763   0.00559   0.00180   0.29911  0.00562   0.00181  
 0.275    24.50      0.27886   0.00498   0.00048   0.28068  0.00501   0.00049  
 0.275    28.00      0.28971   0.00507   0.00084   0.29223  0.00511   0.00084  
 0.275    32.50      0.28090   0.00471   0.00061   0.28428  0.00477   0.00061  
 0.275    37.50      0.26784   0.00583   0.00046   0.27224  0.00593   0.00047  
 0.350    11.75      0.24001   0.00427   0.00220   0.24021  0.00427   0.00220  
 0.350    13.25      0.23349   0.00434   0.00185   0.23373  0.00434   0.00186  
 0.350    15.00      0.23093   0.00383   0.00167   0.23122  0.00383   0.00167  
 0.350    17.00      0.23689   0.00410   0.00158   0.23727  0.00411   0.00158  
 0.350    19.00      0.22257   0.00416   0.00143   0.22300  0.00417   0.00143  
 0.350    21.50      0.23218   0.00388   0.00142   0.23275  0.00389   0.00142  
 0.350    24.50      0.22318   0.00283   0.00074   0.22389  0.00284   0.00074  
 0.350    28.00      0.22454   0.00353   0.00064   0.22548  0.00354   0.00064  
 0.350    32.50      0.21917   0.00320   0.00044   0.22042  0.00322   0.00044  
 0.350    37.50      0.21761   0.00344   0.00038   0.21929  0.00347   0.00038  
 0.350    43.00      0.21422   0.00367   0.00035   0.21644  0.00371   0.00035  
 0.450    11.75      0.16020   0.00409   0.00150   0.16027  0.00409   0.00150  
 0.450    13.25      0.15598   0.00430   0.00144   0.15606  0.00430   0.00144  
 0.450    15.00      0.15493   0.00378   0.00140   0.15503  0.00378   0.00140  
 0.450    17.00      0.15323   0.00403   0.00121   0.15335  0.00403   0.00121  
 0.450    19.00      0.15558   0.00429   0.00121   0.15573  0.00429   0.00121  
 0.450    21.50      0.14470   0.00362   0.00112   0.14488  0.00362   0.00113  
 0.450    24.50      0.14443   0.00256   0.00069   0.14465  0.00256   0.00069  
 0.450    28.00      0.13996   0.00313   0.00054   0.14024  0.00314   0.00054  
 0.450    32.50      0.14332   0.00282   0.00060   0.14370  0.00283   0.00060  
 0.450    37.50      0.14506   0.00310   0.00046   0.14557  0.00311   0.00046  
 0.450    43.00      0.14063   0.00311   0.00053   0.14129  0.00312   0.00053  
 0.450    49.50      0.13379   0.00310   0.00042   0.13463  0.00312   0.00043  
 0.450    57.00      0.13603   0.00354   0.00038   0.13718  0.00357   0.00039  
 0.550    11.75      0.09286   0.00316   0.00225   0.09289  0.00316   0.00225  
 0.550    13.25      0.08784   0.00329   0.00183   0.08787  0.00329   0.00183  
 0.550    15.00      0.08998   0.00306   0.00165   0.09002  0.00306   0.00165  
 0.550    17.00      0.08469   0.00308   0.00138   0.08473  0.00308   0.00138  
 0.550    19.00      0.08286   0.00319   0.00121   0.08291  0.00319   0.00121  
 0.550    21.50      0.08279   0.00289   0.00105   0.08285  0.00289   0.00105  
 0.550    24.50      0.08513   0.00206   0.00094   0.08520  0.00206   0.00094  
 0.550    28.00      0.08099   0.00199   0.00084   0.08108  0.00199   0.00084  
 0.550    32.50      0.08516   0.00236   0.00070   0.08528  0.00236   0.00070  
 0.550    37.50      0.08100   0.00247   0.00058   0.08115  0.00247   0.00058  
 0.550    43.00      0.08005   0.00251   0.00046   0.08024  0.00252   0.00047  
 0.550    49.50      0.07690   0.00250   0.00040   0.07715  0.00251   0.00040  
 0.550    57.00      0.07387   0.00267   0.00039   0.07418  0.00268   0.00039  
 0.550    65.50      0.07196   0.00287   0.00035   0.07237  0.00289   0.00035  
 0.650    13.25      0.04389   0.00187   0.00277   0.04390  0.00187   0.00277  
 0.650    15.00      0.04264   0.00166   0.00233   0.04265  0.00166   0.00233  
 0.650    17.00      0.04166   0.00184   0.00202   0.04167  0.00184   0.00202  
 0.650    19.00      0.04150   0.00198   0.00173   0.04151  0.00198   0.00173  
 0.650    21.50      0.04010   0.00178   0.00144   0.04012  0.00178   0.00144  
 0.650    24.50      0.04115   0.00121   0.00113   0.04117  0.00121   0.00113  
 0.650    28.00      0.03869   0.00121   0.00095   0.03871  0.00121   0.00095  
 0.650    32.50      0.03826   0.00143   0.00079   0.03829  0.00143   0.00079  
 0.650    37.50      0.03662   0.00161   0.00062   0.03666  0.00161   0.00062  
 0.650    43.00      0.03524   0.00166   0.00050   0.03529  0.00166   0.00050  
 0.650    49.50      0.03303   0.00166   0.00040   0.03309  0.00166   0.00040  
 0.650    57.00      0.03363   0.00184   0.00035   0.03371  0.00184   0.00036  
 0.650    65.50      0.02980   0.00186   0.00027   0.02989  0.00187   0.00028  
 0.650    75.00      0.03194   0.00217   0.00026   0.03206  0.00218   0.00027  
 0.750    24.50      0.01357   0.00064   0.00096   0.01357  0.00064   0.00096  
 0.750    28.00      0.01365   0.00068   0.00090   0.01366  0.00068   0.00090  
 0.750    32.50      0.01307   0.00065   0.00069   0.01308  0.00065   0.00069  
 0.750    37.50      0.01169   0.00074   0.00051   0.01170  0.00074   0.00051  
 0.750    43.00      0.01105   0.00079   0.00043   0.01106  0.00079   0.00043  
 0.750    49.50      0.01082   0.00084   0.00035   0.01083  0.00084   0.00035  
 0.750    57.00      0.01148   0.00100   0.00030   0.01149  0.00100   0.00030  
 0.750    65.50      0.00966   0.00102   0.00022   0.00968  0.00102   0.00022  
 0.750    75.00      0.01031   0.00119   0.00020   0.01033  0.00119   0.00020  
