SLAC F2 proton (reanalyzed)
L.W. Whitlow et al., PL B282, 475 (1992)
*
.021  0  :  normalization error, #_of_correlated_sys.err
      x         Q2        F2        i        stat      sys      dummy     dummy
   0.06300   0.89000   0.31594   1.00000   0.00569   0.00537   1.00000   1.00000
   0.06300   1.14000   0.32321   2.00000   0.00937   0.00549   1.00000   1.00000
   0.06500   0.92000   0.31655   3.00000   0.00633   0.00412   1.00000   1.00000
   0.06600   1.52000   0.36294   4.00000   0.00980   0.01053   1.00000   1.00000
   0.06700   0.59000   0.27682   5.00000   0.00720   0.00415   1.00000   1.00000
   0.06800   1.11000   0.33132   6.00000   0.00630   0.00431   1.00000   1.00000
   0.07500   1.66000   0.35448   7.00000   0.01028   0.00461   1.00000   1.00000
   0.07700   0.81000   0.30415   8.00000   0.00608   0.00395   1.00000   1.00000
   0.07700   1.11000   0.32474   9.00000   0.01007   0.00812   1.00000   1.00000
   0.07700   1.27000   0.34363  10.00000   0.00962   0.00447   1.00000   1.00000
   0.07700   2.01000   0.37937  11.00000   0.01328   0.00910   1.00000   1.00000
   0.07800   1.27000   0.34498  12.00000   0.00621   0.00966   1.00000   1.00000
   0.08000   1.67000   0.35137  13.00000   0.01476   0.00984   1.00000   1.00000
   0.08100   0.58000   0.28106  14.00000   0.00506   0.00422   1.00000   1.00000
   0.08100   1.00000   0.32187  15.00000   0.00644   0.00386   1.00000   1.00000
   0.08100   1.02000   0.32385  16.00000   0.00939   0.00453   1.00000   1.00000
   0.08200   1.02000   0.33099  17.00000   0.00530   0.00496   1.00000   1.00000
   0.08300   1.76000   0.34599  18.00000   0.00588   0.00934   1.00000   1.00000
   0.08300   2.39000   0.35900  19.00000   0.01185   0.00933   1.00000   1.00000
   0.08400   1.20000   0.33360  20.00000   0.00667   0.00400   1.00000   1.00000
   0.08400   1.54000   0.33888  21.00000   0.01084   0.00746   1.00000   1.00000
   0.08600   2.51000   0.35834  22.00000   0.03082   0.01147   1.00000   1.00000
   0.08800   1.96000   0.31517  23.00000   0.02206   0.00756   1.00000   1.00000
   0.08900   0.66000   0.29204  24.00000   0.00789   0.00555   1.00000   1.00000
   0.09000   0.67000   0.30119  25.00000   0.00813   0.00422   1.00000   1.00000
   0.09000   1.85000   0.36392  26.00000   0.01019   0.00364   1.00000   1.00000
   0.09100   1.53000   0.33938  27.00000   0.01120   0.00815   1.00000   1.00000
   0.09500   1.27000   0.32703  28.00000   0.01275   0.00818   1.00000   1.00000
   0.09600   1.97000   0.35394  29.00000   0.01133   0.00708   1.00000   1.00000
   0.09600   1.97000   0.35402  30.00000   0.01593   0.00743   1.00000   1.00000
   0.09700   0.87000   0.31517  31.00000   0.00630   0.00410   1.00000   1.00000
   0.09800   1.44000   0.34013  32.00000   0.00986   0.00340   1.00000   1.00000
   0.09800   2.15000   0.36937  33.00000   0.01367   0.00850   1.00000   1.00000
   0.09900   1.28000   0.33769  34.00000   0.00608   0.00405   1.00000   1.00000
   0.09900   2.44000   0.38122  35.00000   0.01220   0.00877   1.00000   1.00000
   0.10000   1.08000   0.33206  36.00000   0.00664   0.00398   1.00000   1.00000
   0.10100   0.62000   0.29387  37.00000   0.00529   0.00441   1.00000   1.00000
   0.10200   0.96000   0.32012  38.00000   0.00704   0.00704   1.00000   1.00000
   0.10300   1.98000   0.35163  39.00000   0.00598   0.00352   1.00000   1.00000
   0.10400   1.14000   0.32845  40.00000   0.00887   0.00328   1.00000   1.00000
   0.10500   3.00000   0.35163  41.00000   0.01442   0.01266   1.00000   1.00000
   0.10600   2.14000   0.36051  42.00000   0.01406   0.00757   1.00000   1.00000
   0.10700   2.02000   0.35363  43.00000   0.00990   0.00318   1.00000   1.00000
   0.10700   2.89000   0.36865  44.00000   0.01069   0.00958   1.00000   1.00000
   0.10800   1.39000   0.33206  45.00000   0.00996   0.00565   1.00000   1.00000
   0.10800   1.83000   0.36327  46.00000   0.01126   0.00618   1.00000   1.00000
   0.10800   2.33000   0.34363  47.00000   0.01718   0.00825   1.00000   1.00000
   0.11200   1.33000   0.33988  48.00000   0.00612   0.00408   1.00000   1.00000
   0.11300   1.83000   0.35348  49.00000   0.00990   0.00601   1.00000   1.00000
   0.11600   2.32000   0.35139  50.00000   0.01370   0.00808   1.00000   1.00000
   0.11800   0.66000   0.30610  51.00000   0.00490   0.00490   1.00000   1.00000
   0.11800   3.34000   0.31387  52.00000   0.01883   0.01130   1.00000   1.00000
   0.11900   0.74000   0.31220  53.00000   0.00905   0.00406   1.00000   1.00000
   0.12000   1.12000   0.33700  54.00000   0.01146   0.00539   1.00000   1.00000
   0.12000   2.31000   0.35712  55.00000   0.01143   0.00643   1.00000   1.00000
   0.12100   2.57000   0.34901  56.00000   0.00873   0.00942   1.00000   1.00000
   0.12200   1.59000   0.34326  57.00000   0.00995   0.00309   1.00000   1.00000
   0.12200   2.85000   0.36177  58.00000   0.01194   0.00760   1.00000   1.00000
   0.12300   1.59000   0.34767  59.00000   0.00556   0.00313   1.00000   1.00000
   0.12400   1.15000   0.32884  60.00000   0.00658   0.00395   1.00000   1.00000
   0.12600   0.94000   0.32808  61.00000   0.00656   0.00427   1.00000   1.00000
   0.12600   2.19000   0.36489  62.00000   0.01022   0.00328   1.00000   1.00000
   0.12700   0.79000   0.31725  63.00000   0.00888   0.00476   1.00000   1.00000
   0.12700   1.36000   0.31027  64.00000   0.01955   0.00621   1.00000   1.00000
   0.12700   2.19000   0.35050  65.00000   0.00701   0.00350   1.00000   1.00000
   0.12900   2.04000   0.34459  66.00000   0.01172   0.00586   1.00000   1.00000
   0.13000   2.54000   0.35588  67.00000   0.01317   0.00890   1.00000   1.00000
   0.13100   3.36000   0.33947  68.00000   0.01086   0.00747   1.00000   1.00000
   0.13200   1.26000   0.32928  69.00000   0.00988   0.00296   1.00000   1.00000
   0.13300   0.65000   0.30644  70.00000   0.00552   0.00429   1.00000   1.00000
   0.13400   1.26000   0.34708  71.00000   0.00694   0.00451   1.00000   1.00000
   0.13400   3.72000   0.35916  72.00000   0.01616   0.01149   1.00000   1.00000
   0.13600   1.69000   0.34317  73.00000   0.00789   0.00446   1.00000   1.00000
   0.13800   1.41000   0.34502  74.00000   0.00621   0.00414   1.00000   1.00000
   0.13900   0.91000   0.33279  75.00000   0.00832   0.00632   1.00000   1.00000
   0.14100   2.18000   0.32804  76.00000   0.01148   0.00590   1.00000   1.00000
   0.14200   2.19000   0.34797  77.00000   0.01079   0.00522   1.00000   1.00000
   0.14300   2.76000   0.36571  78.00000   0.01170   0.00914   1.00000   1.00000
   0.14400   1.64000   0.34421  79.00000   0.01033   0.00482   1.00000   1.00000
   0.14600   3.02000   0.34852  80.00000   0.01290   0.00906   1.00000   1.00000
   0.14700   2.63000   0.35421  81.00000   0.01133   0.00602   1.00000   1.00000
   0.15000   0.77000   0.31477  82.00000   0.00472   0.00346   1.00000   1.00000
   0.15000   1.74000   0.34879  83.00000   0.00977   0.00314   1.00000   1.00000
   0.15000   1.82000   0.35465  84.00000   0.00816   0.00461   1.00000   1.00000
   0.15000   3.27000   0.35661  85.00000   0.01177   0.00642   1.00000   1.00000
   0.15200   1.74000   0.34733  86.00000   0.00590   0.00347   1.00000   1.00000
   0.15200   2.38000   0.35876  87.00000   0.01040   0.00323   1.00000   1.00000
   0.15300   0.79000   0.32693  88.00000   0.00883   0.00360   1.00000   1.00000
   0.15300   2.39000   0.35985  89.00000   0.00756   0.00360   1.00000   1.00000
   0.15300   4.18000   0.34563  90.00000   0.01244   0.00933   1.00000   1.00000
   0.15600   1.62000   0.34024  91.00000   0.02041   0.00544   1.00000   1.00000
   0.15600   2.36000   0.35096  92.00000   0.00632   0.00632   1.00000   1.00000
   0.15700   1.31000   0.33791  93.00000   0.00541   0.00338   1.00000   1.00000
   0.15700   2.98000   0.36228  94.00000   0.01123   0.00869   1.00000   1.00000
   0.15700   3.80000   0.35328  95.00000   0.01095   0.00636   1.00000   1.00000
   0.15800   2.21000   0.38690  96.00000   0.03211   0.00890   1.00000   1.00000
   0.16100   3.27000   0.32951  97.00000   0.01219   0.00791   1.00000   1.00000
   0.16700   1.97000   0.34082  98.00000   0.00818   0.00443   1.00000   1.00000
   0.16800   1.00000   0.33035  99.00000   0.00595   0.00429   1.00000   1.00000
   0.16800   1.36000   0.34548 100.00000   0.01036   0.00311   1.00000   1.00000
   0.17100   4.59000   0.32435 101.00000   0.01200   0.00746   1.00000   1.00000
   0.17100   5.35000   0.34961 102.00000   0.00839   0.00909   1.00000   1.00000
   0.17100   5.55000   0.32097 103.00000   0.00963   0.00899   1.00000   1.00000
   0.17200   2.55000   0.33200 104.00000   0.00697   0.00598   1.00000   1.00000
   0.17200   4.29000   0.34086 105.00000   0.00818   0.00852   1.00000   1.00000
   0.17200   5.06000   0.35515 106.00000   0.00710   0.00817   1.00000   1.00000
   0.17300   1.39000   0.32028 107.00000   0.00577   0.00384   1.00000   1.00000
   0.17300   4.08000   0.34753 108.00000   0.00521   0.01008   1.00000   1.00000
   0.17400   3.20000   0.37540 109.00000   0.00826   0.00713   1.00000   1.00000
   0.17400   4.02000   0.34706 110.00000   0.00659   0.00764   1.00000   1.00000
   0.17600   1.50000   0.34176 111.00000   0.00615   0.00410   1.00000   1.00000
   0.17600   2.60000   0.35162 112.00000   0.00809   0.00738   1.00000   1.00000
   0.17600   3.50000   0.35453 113.00000   0.00851   0.00851   1.00000   1.00000
   0.17600   3.51000   0.33939 114.00000   0.00747   0.00713   1.00000   1.00000
   0.17700   0.82000   0.32355 115.00000   0.00744   0.00356   1.00000   1.00000
   0.17700   0.91000   0.32512 116.00000   0.00910   0.00488   1.00000   1.00000
   0.17700   1.10000   0.35103 117.00000   0.00807   0.00491   1.00000   1.00000
   0.17800   1.25000   0.33724 118.00000   0.00641   0.00405   1.00000   1.00000
   0.17800   3.65000   0.34573 119.00000   0.01106   0.00519   1.00000   1.00000
   0.17900   0.69000   0.31268 120.00000   0.00594   0.00469   1.00000   1.00000
   0.17900   1.43000   0.32510 121.00000   0.00520   0.00293   1.00000   1.00000
   0.17900   2.51000   0.34092 122.00000   0.01057   0.00477   1.00000   1.00000
   0.17900   3.30000   0.35290 123.00000   0.00988   0.00706   1.00000   1.00000
   0.18300   2.57000   0.34746 124.00000   0.01042   0.00347   1.00000   1.00000
   0.18500   1.87000   0.33393 125.00000   0.00968   0.00301   1.00000   1.00000
   0.18500   2.58000   0.33889 126.00000   0.00644   0.00373   1.00000   1.00000
   0.18500   3.01000   0.36625 127.00000   0.01135   0.00513   1.00000   1.00000
   0.18500   4.22000   0.34692 128.00000   0.01075   0.00486   1.00000   1.00000
   0.18700   1.87000   0.34294 129.00000   0.00583   0.00343   1.00000   1.00000
   0.18700   1.88000   0.34220 130.00000   0.01027   0.00445   1.00000   1.00000
   0.18800   0.88000   0.32581 131.00000   0.00489   0.00261   1.00000   1.00000
   0.18800   1.88000   0.35800 132.00000   0.01074   0.00573   1.00000   1.00000
   0.18900   2.15000   0.35001 133.00000   0.00560   0.00455   1.00000   1.00000
   0.19000   2.74000   0.34348 134.00000   0.00687   0.00550   1.00000   1.00000
   0.19600   2.65000   0.33962 135.00000   0.01392   0.00747   1.00000   1.00000
   0.19600   5.14000   0.35041 136.00000   0.00771   0.00701   1.00000   1.00000
   0.20100   3.62000   0.33628 137.00000   0.00908   0.00572   1.00000   1.00000
   0.20200   1.54000   0.32751 138.00000   0.00491   0.00262   1.00000   1.00000
   0.20300   3.92000   0.33864 139.00000   0.00610   0.00576   1.00000   1.00000
   0.20800   4.00000   0.33321 140.00000   0.01033   0.00400   1.00000   1.00000
   0.20900   1.46000   0.33159 141.00000   0.00995   0.00298   1.00000   1.00000
   0.20900   2.04000   0.31706 142.00000   0.00983   0.00507   1.00000   1.00000
   0.20900   2.31000   0.34507 143.00000   0.00518   0.00414   1.00000   1.00000
   0.21000   4.03000   0.36028 144.00000   0.03026   0.00829   1.00000   1.00000
   0.21100   2.96000   0.34308 145.00000   0.00549   0.00480   1.00000   1.00000
   0.21300   1.46000   0.33726 146.00000   0.00641   0.00337   1.00000   1.00000
   0.21400   1.47000   0.33795 147.00000   0.01081   0.00439   1.00000   1.00000
   0.21400   5.33000   0.33270 148.00000   0.01198   0.00798   1.00000   1.00000
   0.21500   4.63000   0.31944 149.00000   0.00990   0.00383   1.00000   1.00000
   0.21800   1.05000   0.32237 150.00000   0.00613   0.00419   1.00000   1.00000
   0.21900   1.28000   0.32192 151.00000   0.00708   0.00354   1.00000   1.00000
   0.22000   1.99000   0.34351 152.00000   0.02508   0.00618   1.00000   1.00000
   0.22100   1.30000   0.33302 153.00000   0.00633   0.00433   1.00000   1.00000
   0.22200   6.18000   0.32562 154.00000   0.00554   0.00586   1.00000   1.00000
   0.22300   5.70000   0.32333 155.00000   0.00679   0.00582   1.00000   1.00000
   0.22400   0.87000   0.32066 156.00000   0.00738   0.00353   1.00000   1.00000
   0.22400   1.58000   0.33095 157.00000   0.00596   0.00430   1.00000   1.00000
   0.22400   2.82000   0.33113 158.00000   0.01027   0.00397   1.00000   1.00000
   0.22600   2.00000   0.33441 159.00000   0.00970   0.00301   1.00000   1.00000
   0.22700   3.37000   0.33368 160.00000   0.01034   0.00367   1.00000   1.00000
   0.22900   0.72000   0.30204 161.00000   0.00574   0.00453   1.00000   1.00000
   0.22900   1.99000   0.33275 162.00000   0.00665   0.00333   1.00000   1.00000
   0.23300   2.22000   0.32457 163.00000   0.00876   0.00487   1.00000   1.00000
   0.23300   4.37000   0.34292 164.00000   0.00823   0.00514   1.00000   1.00000
   0.23400   1.54000   0.32960 165.00000   0.01022   0.00461   1.00000   1.00000
   0.23500   0.99000   0.31662 166.00000   0.00475   0.00222   1.00000   1.00000
   0.23600   2.50000   0.33630 167.00000   0.00504   0.00336   1.00000   1.00000
   0.23600   4.07000   0.33135 168.00000   0.00895   0.00464   1.00000   1.00000
   0.23700   2.10000   0.33396 169.00000   0.00968   0.00401   1.00000   1.00000
   0.23700   3.10000   0.32367 170.00000   0.01327   0.00583   1.00000   1.00000
   0.23900   2.82000   0.32459 171.00000   0.00811   0.00357   1.00000   1.00000
   0.24000   1.02000   0.30967 172.00000   0.00929   0.00434   1.00000   1.00000
   0.24100   3.25000   0.33705 173.00000   0.00775   0.00404   1.00000   1.00000
   0.24300   1.73000   0.32888 174.00000   0.00526   0.00362   1.00000   1.00000
   0.24300   7.31000   0.27444 175.00000   0.02113   0.00659   1.00000   1.00000
   0.24800   5.03000   0.31681 176.00000   0.00950   0.00317   1.00000   1.00000
   0.24900   6.09000   0.26916 177.00000   0.01615   0.00592   1.00000   1.00000
   0.25100   4.45000   0.31369 178.00000   0.01004   0.00314   1.00000   1.00000
   0.25100   6.26000   0.32609 179.00000   0.00978   0.00554   1.00000   1.00000
   0.25300   1.77000   0.32733 180.00000   0.00491   0.00229   1.00000   1.00000
   0.25500   2.88000   0.31998 181.00000   0.00512   0.00384   1.00000   1.00000
   0.25600   2.38000   0.32147 182.00000   0.00836   0.00418   1.00000   1.00000
   0.25700   7.50000   0.30261 183.00000   0.00696   0.00605   1.00000   1.00000
   0.25700   7.88000   0.29877 184.00000   0.00568   0.00687   1.00000   1.00000
   0.25800   4.70000   0.30564 185.00000   0.00642   0.00428   1.00000   1.00000
   0.25900   3.32000   0.30872 186.00000   0.01204   0.00494   1.00000   1.00000
   0.25900   5.94000   0.31144 187.00000   0.00623   0.00561   1.00000   1.00000
   0.26000   1.04000   0.31265 188.00000   0.00344   0.00219   1.00000   1.00000
   0.26000   4.82000   0.30237 189.00000   0.00907   0.00575   1.00000   1.00000
   0.26100   5.22000   0.30112 190.00000   0.00452   0.00813   1.00000   1.00000
   0.26200   5.42000   0.30938 191.00000   0.00526   0.00433   1.00000   1.00000
   0.26300   4.25000   0.30690 192.00000   0.00491   0.00399   1.00000   1.00000
   0.26400   4.77000   0.30994 193.00000   0.00620   0.00496   1.00000   1.00000
   0.26600   1.08000   0.31388 194.00000   0.00596   0.00408   1.00000   1.00000
   0.26600   3.48000   0.30956 195.00000   0.00526   0.00341   1.00000   1.00000
   0.26700   2.71000   0.31102 196.00000   0.00560   0.00280   1.00000   1.00000
   0.26700   3.49000   0.31132 197.00000   0.00560   0.00405   1.00000   1.00000
   0.26800   1.46000   0.31615 198.00000   0.00759   0.00316   1.00000   1.00000
   0.27000   1.05000   0.30144 199.00000   0.00693   0.00422   1.00000   1.00000
   0.27100   1.35000   0.31606 200.00000   0.00601   0.00411   1.00000   1.00000
   0.27100   1.55000   0.31447 201.00000   0.00692   0.00283   1.00000   1.00000
   0.27300   3.09000   0.30827 202.00000   0.00925   0.00308   1.00000   1.00000
   0.27300   6.68000   0.30301 203.00000   0.00939   0.00515   1.00000   1.00000
   0.27400   0.90000   0.30016 204.00000   0.00720   0.00330   1.00000   1.00000
   0.27400   1.64000   0.31591 205.00000   0.00569   0.00411   1.00000   1.00000
   0.27400   3.70000   0.30358 206.00000   0.00911   0.00273   1.00000   1.00000
   0.27800   8.22000   0.28152 207.00000   0.01548   0.00676   1.00000   1.00000
   0.28100   2.11000   0.31351 208.00000   0.00502   0.00345   1.00000   1.00000
   0.28100   3.54000   0.28898 209.00000   0.00925   0.00433   1.00000   1.00000
   0.28200   2.12000   0.31261 210.00000   0.00782   0.00313   1.00000   1.00000
   0.28400   2.57000   0.30997 211.00000   0.00806   0.00372   1.00000   1.00000
   0.28600   6.85000   0.27877 212.00000   0.01227   0.00585   1.00000   1.00000
   0.28800   5.25000   0.28405 213.00000   0.00710   0.00511   1.00000   1.00000
   0.29000   2.48000   0.30305 214.00000   0.00849   0.00455   1.00000   1.00000
   0.29100   5.13000   0.29717 215.00000   0.00446   0.00386   1.00000   1.00000
   0.29300   1.10000   0.29838 216.00000   0.00298   0.00179   1.00000   1.00000
   0.29300   5.50000   0.28716 217.00000   0.00861   0.00287   1.00000   1.00000
   0.29700   2.30000   0.30233 218.00000   0.00847   0.00363   1.00000   1.00000
   0.29700   4.84000   0.28623 219.00000   0.00859   0.00258   1.00000   1.00000
   0.29800   1.85000   0.30018 220.00000   0.00931   0.00390   1.00000   1.00000
   0.29800   2.90000   0.30317 221.00000   0.00424   0.00243   1.00000   1.00000
   0.30000   1.95000   0.29360 222.00000   0.00470   0.00176   1.00000   1.00000
   0.30000   3.77000   0.28827 223.00000   0.00375   0.00288   1.00000   1.00000
   0.30600   3.78000   0.30050 224.00000   0.00751   0.00421   1.00000   1.00000
   0.30800   7.30000   0.27709 225.00000   0.00554   0.00471   1.00000   1.00000
   0.30900   3.05000   0.29241 226.00000   0.00819   0.00351   1.00000   1.00000
   0.31000   3.64000   0.45255 227.00000   0.16382   0.02670   1.00000   1.00000
   0.31300   3.06000   0.28573 228.00000   0.00457   0.00343   1.00000   1.00000
   0.31300   7.14000   0.26914 229.00000   0.00673   0.00458   1.00000   1.00000
   0.31300   9.13000   0.25218 230.00000   0.01135   0.00580   1.00000   1.00000
   0.31400   1.10000   0.28637 231.00000   0.00544   0.00372   1.00000   1.00000
   0.31500   1.60000   0.29547 232.00000   0.00650   0.00266   1.00000   1.00000
   0.31700   7.48000   0.26205 233.00000   0.00655   0.00550   1.00000   1.00000
   0.31900   2.79000   0.28654 234.00000   0.00602   0.00315   1.00000   1.00000
   0.32000   1.10000   0.27664 235.00000   0.00664   0.00387   1.00000   1.00000
   0.32100   5.06000   0.27680 236.00000   0.00830   0.00332   1.00000   1.00000
   0.32200   5.14000   0.29444 237.00000   0.01119   0.00589   1.00000   1.00000
   0.32300   1.38000   0.29386 238.00000   0.00558   0.00353   1.00000   1.00000
   0.32400   1.61000   0.31012 239.00000   0.00620   0.00310   1.00000   1.00000
   0.32400   1.64000   0.29701 240.00000   0.00653   0.00267   1.00000   1.00000
   0.32600   1.68000   0.28913 241.00000   0.00520   0.00347   1.00000   1.00000
   0.32600   2.03000   0.28590 242.00000   0.00400   0.00286   1.00000   1.00000
   0.32800   4.01000   0.28058 243.00000   0.00758   0.00253   1.00000   1.00000
   0.33200   3.36000   0.28093 244.00000   0.00843   0.00253   1.00000   1.00000
   0.33200   4.01000   0.27786 245.00000   0.00889   0.00472   1.00000   1.00000
   0.33200   4.01000   0.27045 246.00000   0.00703   0.00352   1.00000   1.00000
   0.33400   7.47000   0.25587 247.00000   0.00435   0.00435   1.00000   1.00000
   0.33600   5.66000   0.27030 248.00000   0.00432   0.00351   1.00000   1.00000
   0.33700   1.17000   0.27603 249.00000   0.00304   0.00166   1.00000   1.00000
   0.34100   5.93000   0.26182 250.00000   0.00785   0.00236   1.00000   1.00000
   0.34200   6.03000   0.25469 251.00000   0.00739   0.00433   1.00000   1.00000
   0.34300   4.10000   0.26848 252.00000   0.00430   0.00268   1.00000   1.00000
   0.34300   9.39000   0.24104 253.00000   0.00482   0.00458   1.00000   1.00000
   0.34300   9.98000   0.24185 254.00000   0.00435   0.00532   1.00000   1.00000
   0.34400   2.21000   0.25858 255.00000   0.00517   0.00284   1.00000   1.00000
   0.34400   4.00000   0.26768 256.00000   0.01097   0.01151   1.00000   1.00000
   0.34600   3.16000   0.26887 257.00000   0.00403   0.00215   1.00000   1.00000
   0.34700   2.22000   0.27517 258.00000   0.00578   0.00275   1.00000   1.00000
   0.34700   5.22000   0.25488 259.00000   0.00765   0.00229   1.00000   1.00000
   0.34700   7.36000   0.25248 260.00000   0.00454   0.00404   1.00000   1.00000
   0.34800   1.74000   0.27128 261.00000   0.00814   0.00326   1.00000   1.00000
   0.34900  10.02000   0.23873 262.00000   0.00979   0.00549   1.00000   1.00000
   0.35000   6.07000   0.24979 263.00000   0.00375   0.00250   1.00000   1.00000
   0.35000   6.56000   0.25508 264.00000   0.00459   0.00408   1.00000   1.00000
   0.35200   6.02000   0.24726 265.00000   0.00643   0.00371   1.00000   1.00000
   0.35300   5.09000   0.25482 266.00000   0.00357   0.00357   1.00000   1.00000
   0.35300   5.84000   0.25168 267.00000   0.00453   0.00352   1.00000   1.00000
   0.35500   2.12000   0.26983 268.00000   0.00432   0.00162   1.00000   1.00000
   0.35800   4.21000   0.26355 269.00000   0.00501   0.00316   1.00000   1.00000
   0.36200   8.22000   0.22701 270.00000   0.00431   0.00386   1.00000   1.00000
   0.36300   1.64000   0.27827 271.00000   0.00529   0.00278   1.00000   1.00000
   0.36400   8.37000   0.23352 272.00000   0.00817   0.00467   1.00000   1.00000
   0.36500   1.65000   0.27490 273.00000   0.00577   0.00247   1.00000   1.00000
   0.36600   3.06000   0.24190 274.00000   0.00726   0.00242   1.00000   1.00000
   0.36800   4.32000   0.25821 275.00000   0.00491   0.00310   1.00000   1.00000
   0.36800   7.95000   0.23555 276.00000   0.00495   0.00400   1.00000   1.00000
   0.36900   2.98000   0.25876 277.00000   0.00750   0.00336   1.00000   1.00000
   0.37000   2.16000   0.25417 278.00000   0.00788   0.00305   1.00000   1.00000
   0.37100   7.49000   0.25010 279.00000   0.01125   0.00575   1.00000   1.00000
   0.37200   3.19000   0.25441 280.00000   0.00407   0.00331   1.00000   1.00000
   0.37200   3.19000   0.25352 281.00000   0.00685   0.00330   1.00000   1.00000
   0.37300   1.40000   0.26146 282.00000   0.00497   0.00314   1.00000   1.00000
   0.37600   2.49000   0.25243 283.00000   0.00682   0.00227   1.00000   1.00000
   0.37700   1.71000   0.25877 284.00000   0.00466   0.00311   1.00000   1.00000
   0.37700  10.66000   0.12488 285.00000   0.05345   0.01124   1.00000   1.00000
   0.38100   4.37000   0.25957 286.00000   0.00986   0.00960   1.00000   1.00000
   0.38200   6.32000   0.22000 287.00000   0.00374   0.00330   1.00000   1.00000
   0.38400   4.88000   0.23230 288.00000   0.02323   0.00325   1.00000   1.00000
   0.38600   6.63000   0.22990 289.00000   0.00667   0.00368   1.00000   1.00000
   0.38700   4.29000   0.23110 290.00000   0.00693   0.00185   1.00000   1.00000
   0.38700   5.99000   0.23404 291.00000   0.00983   0.00445   1.00000   1.00000
   0.38800   1.83000   0.25516 292.00000   0.00612   0.00230   1.00000   1.00000
   0.38900  10.96000   0.22259 293.00000   0.00868   0.00512   1.00000   1.00000
   0.39000   4.28000   0.20854 294.00000   0.04922   0.02273   1.00000   1.00000
   0.39300   6.33000   0.21957 295.00000   0.00659   0.00198   1.00000   1.00000
   0.39600   2.28000   0.25099 296.00000   0.00527   0.00251   1.00000   1.00000
   0.39800   3.59000   0.23489 297.00000   0.00658   0.00188   1.00000   1.00000
   0.40200   9.44000   0.17153 298.00000   0.02007   0.00926   1.00000   1.00000
   0.40400   5.57000   0.21761 299.00000   0.00675   0.00196   1.00000   1.00000
   0.40400   6.38000   0.21679 300.00000   0.00390   0.00304   1.00000   1.00000
   0.40500   2.28000   0.24854 301.00000   0.00522   0.00273   1.00000   1.00000
   0.40500   4.52000   0.22510 302.00000   0.00315   0.00248   1.00000   1.00000
   0.40500   9.13000   0.20312 303.00000   0.00691   0.00406   1.00000   1.00000
   0.40500  11.39000   0.17816 304.00000   0.01621   0.01372   1.00000   1.00000
   0.40600   8.45000   0.20824 305.00000   0.00437   0.00333   1.00000   1.00000
   0.40900   2.27000   0.23344 306.00000   0.00374   0.00140   1.00000   1.00000
   0.40900   3.46000   0.22460 307.00000   0.00337   0.00180   1.00000   1.00000
   0.41000   4.74000   0.21942 308.00000   0.00636   0.00351   1.00000   1.00000
   0.41200  11.41000   0.22018 309.00000   0.02158   0.00484   1.00000   1.00000
   0.41200  11.52000   0.18946 310.00000   0.00341   0.00398   1.00000   1.00000
   0.41300   4.50000   0.26369 311.00000   0.01714   0.02004   1.00000   1.00000
   0.41300  10.74000   0.20035 312.00000   0.00441   0.00401   1.00000   1.00000
   0.41400   3.32000   0.22426 313.00000   0.00471   0.00202   1.00000   1.00000
   0.41500   9.58000   0.19724 314.00000   0.00316   0.00335   1.00000   1.00000
   0.41600   5.08000   0.21626 315.00000   0.00541   0.00303   1.00000   1.00000
   0.41700   1.68000   0.23967 316.00000   0.00503   0.00216   1.00000   1.00000
   0.41700   8.35000   0.19431 317.00000   0.00330   0.00350   1.00000   1.00000
   0.41700   9.07000   0.19276 318.00000   0.00366   0.00347   1.00000   1.00000
   0.41800   1.68000   0.24332 319.00000   0.00389   0.00243   1.00000   1.00000
   0.42100   2.29000   0.23059 320.00000   0.00369   0.00231   1.00000   1.00000
   0.42100   7.33000   0.19824 321.00000   0.00317   0.00297   1.00000   1.00000
   0.42100  10.27000   0.17123 322.00000   0.01267   0.00428   1.00000   1.00000
   0.42200   4.78000   0.23191 323.00000   0.00928   0.00812   1.00000   1.00000
   0.42200   6.61000   0.19430 324.00000   0.00291   0.00194   1.00000   1.00000
   0.42400   6.57000   0.19856 325.00000   0.00338   0.00318   1.00000   1.00000
   0.42600   5.65000   0.20198 326.00000   0.00283   0.00283   1.00000   1.00000
   0.42700   1.74000   0.23255 327.00000   0.00419   0.00256   1.00000   1.00000
   0.42700   6.74000   0.19193 328.00000   0.00326   0.00288   1.00000   1.00000
   0.42800   6.07000   0.19787 329.00000   0.00554   0.00257   1.00000   1.00000
   0.42800  11.86000   0.19112 330.00000   0.00612   0.00440   1.00000   1.00000
   0.42900  10.02000   0.17316 331.00000   0.01177   0.00814   1.00000   1.00000
   0.43200   4.69000   0.20332 332.00000   0.00468   0.00224   1.00000   1.00000
   0.43200  10.34000   0.18302 333.00000   0.00586   0.00366   1.00000   1.00000
   0.43200  12.10000   0.16567 334.00000   0.01193   0.01143   1.00000   1.00000
   0.43300   7.23000   0.18704 335.00000   0.00505   0.00299   1.00000   1.00000
   0.43400   4.86000   0.19863 336.00000   0.00516   0.00238   1.00000   1.00000
   0.43400   8.56000   0.16805 337.00000   0.00773   0.00370   1.00000   1.00000
   0.43400  15.01000   0.16747 338.00000   0.01122   0.01122   1.00000   1.00000
   0.43600  11.90000   0.17013 339.00000   0.00459   0.00357   1.00000   1.00000
   0.44000   2.62000   0.21158 340.00000   0.00444   0.00190   1.00000   1.00000
   0.44000   3.31000   0.20953 341.00000   0.00356   0.00272   1.00000   1.00000
   0.44100   3.31000   0.21499 342.00000   0.00451   0.00301   1.00000   1.00000
   0.44400   4.80000   0.23057 343.00000   0.01406   0.01291   1.00000   1.00000
   0.44700   2.32000   0.21233 344.00000   0.00531   0.00234   1.00000   1.00000
   0.44700   6.69000   0.18475 345.00000   0.00536   0.00166   1.00000   1.00000
   0.44800   9.89000   0.16737 346.00000   0.00603   0.00335   1.00000   1.00000
   0.44900   8.99000   0.17838 347.00000   0.00357   0.00285   1.00000   1.00000
   0.45000   2.33000   0.21125 348.00000   0.00444   0.00232   1.00000   1.00000
   0.45300   2.46000   0.21550 349.00000   0.00603   0.00259   1.00000   1.00000
   0.45400   1.87000   0.22037 350.00000   0.00727   0.00242   1.00000   1.00000
   0.45400   4.55000   0.19577 351.00000   0.00568   0.00157   1.00000   1.00000
   0.45600   6.85000   0.18331 352.00000   0.00825   0.00348   1.00000   1.00000
   0.45700   3.48000   0.19547 353.00000   0.00567   0.00235   1.00000   1.00000
   0.45700  10.74000   0.16191 354.00000   0.00194   0.00324   1.00000   1.00000
   0.46000   4.86000   0.18538 355.00000   0.00204   0.00204   1.00000   1.00000
   0.46000   5.35000   0.17844 356.00000   0.00375   0.00250   1.00000   1.00000
   0.46000  12.58000   0.15203 357.00000   0.00867   0.00395   1.00000   1.00000
   0.46200   5.17000   0.17607 358.00000   0.00792   0.00599   1.00000   1.00000
   0.46400   2.01000   0.20143 359.00000   0.00483   0.00161   1.00000   1.00000
   0.46500   5.89000   0.17991 360.00000   0.00540   0.00162   1.00000   1.00000
   0.46600  10.82000   0.15047 361.00000   0.00722   0.00662   1.00000   1.00000
   0.46800  12.76000   0.15229 362.00000   0.00487   0.00350   1.00000   1.00000
   0.46900   9.82000   0.15756 363.00000   0.00315   0.00299   1.00000   1.00000
   0.47100   3.80000   0.18311 364.00000   0.00513   0.00146   1.00000   1.00000
   0.47100   7.02000   0.16418 365.00000   0.00279   0.00246   1.00000   1.00000
   0.47100  12.57000   0.15233 366.00000   0.00335   0.00320   1.00000   1.00000
   0.47200  13.14000   0.13882 367.00000   0.00666   0.00833   1.00000   1.00000
   0.47500   3.73000   0.18281 368.00000   0.00256   0.00165   1.00000   1.00000
   0.47600   7.14000   0.16197 369.00000   0.00292   0.00243   1.00000   1.00000
   0.47600  16.36000   0.14585 370.00000   0.00627   0.00875   1.00000   1.00000
   0.47900   8.69000   0.14595 371.00000   0.00774   0.00248   1.00000   1.00000
   0.48000  13.01000   0.14545 372.00000   0.00407   0.00378   1.00000   1.00000
   0.48200  11.56000   0.13464 373.00000   0.00983   0.00350   1.00000   1.00000
   0.48300   5.17000   0.17661 374.00000   0.00883   0.00777   1.00000   1.00000
   0.48300   7.84000   0.15786 375.00000   0.00426   0.00253   1.00000   1.00000
   0.48500   2.43000   0.18355 376.00000   0.00312   0.00184   1.00000   1.00000
   0.48500   2.44000   0.18411 377.00000   0.00350   0.00129   1.00000   1.00000
   0.48800   5.41000   0.16317 378.00000   0.00538   0.00245   1.00000   1.00000
   0.48900   2.69000   0.18149 379.00000   0.00363   0.00163   1.00000   1.00000
   0.48900  11.27000   0.14013 380.00000   0.00224   0.00280   1.00000   1.00000
   0.49000   3.38000   0.17846 381.00000   0.00393   0.00268   1.00000   1.00000
   0.49300   3.38000   0.17763 382.00000   0.00337   0.00249   1.00000   1.00000
   0.49300  10.65000   0.13655 383.00000   0.00505   0.00273   1.00000   1.00000
   0.49400   5.30000   0.15799 384.00000   0.00411   0.00174   1.00000   1.00000
   0.49600  10.68000   0.14175 385.00000   0.00454   0.00326   1.00000   1.00000
   0.49800   9.54000   0.13711 386.00000   0.00274   0.00219   1.00000   1.00000
   0.50000   9.64000   0.14876 387.00000   0.00699   0.00327   1.00000   1.00000
   0.50200   5.55000   0.15323 388.00000   0.00843   0.00521   1.00000   1.00000
   0.50300   2.38000   0.17809 389.00000   0.00374   0.00214   1.00000   1.00000
   0.50300   3.74000   0.16760 390.00000   0.00486   0.00134   1.00000   1.00000
   0.50400  11.62000   0.12628 391.00000   0.00720   0.00530   1.00000   1.00000
   0.50500   3.96000   0.15706 392.00000   0.00408   0.00220   1.00000   1.00000
   0.50800   7.04000   0.14264 393.00000   0.00414   0.00143   1.00000   1.00000
   0.50900   9.09000   0.12730 394.00000   0.01082   0.00713   1.00000   1.00000
   0.51000  13.68000   0.12024 395.00000   0.00529   0.00289   1.00000   1.00000
   0.51300   5.64000   0.14318 396.00000   0.00301   0.00200   1.00000   1.00000
   0.51400  11.94000   0.14203 397.00000   0.00994   0.01079   1.00000   1.00000
   0.51500   9.11000   0.13289 398.00000   0.00279   0.00226   1.00000   1.00000
   0.51600  13.40000   0.11934 399.00000   0.00251   0.00251   1.00000   1.00000
   0.51600  13.61000   0.12156 400.00000   0.00243   0.00267   1.00000   1.00000
   0.51700   2.38000   0.18571 401.00000   0.00483   0.00241   1.00000   1.00000
   0.51700   2.50000   0.16592 402.00000   0.00232   0.00166   1.00000   1.00000
   0.51700  12.55000   0.12107 403.00000   0.00242   0.00230   1.00000   1.00000
   0.52100   2.51000   0.16653 404.00000   0.00233   0.00133   1.00000   1.00000
   0.52100  10.98000   0.12138 405.00000   0.00206   0.00194   1.00000   1.00000
   0.52200   5.53000   0.13559 406.00000   0.00719   0.00529   1.00000   1.00000
   0.52200  13.91000   0.11082 407.00000   0.00299   0.00288   1.00000   1.00000
   0.52300   9.66000   0.12169 408.00000   0.00219   0.00207   1.00000   1.00000
   0.52300  14.46000   0.10953 409.00000   0.00493   0.00591   1.00000   1.00000
   0.52300  17.89000   0.09986 410.00000   0.00389   0.00549   1.00000   1.00000
   0.52800   6.17000   0.13006 411.00000   0.00429   0.00130   1.00000   1.00000
   0.52800   7.54000   0.12412 412.00000   0.00211   0.00186   1.00000   1.00000
   0.52900   7.69000   0.12065 413.00000   0.00471   0.00265   1.00000   1.00000
   0.52900   7.71000   0.13197 414.00000   0.00673   0.00238   1.00000   1.00000
   0.52900   8.31000   0.12415 415.00000   0.00199   0.00186   1.00000   1.00000
   0.53000   4.80000   0.14042 416.00000   0.00379   0.00140   1.00000   1.00000
   0.53100   7.24000   0.12564 417.00000   0.00176   0.00151   1.00000   1.00000
   0.53300   7.52000   0.12318 418.00000   0.00197   0.00185   1.00000   1.00000
   0.53400   7.22000   0.13238 419.00000   0.00821   0.00212   1.00000   1.00000
   0.53400   8.41000   0.11887 420.00000   0.00309   0.00226   1.00000   1.00000
   0.53500   8.44000   0.12389 421.00000   0.00322   0.00198   1.00000   1.00000
   0.53600   6.34000   0.12549 422.00000   0.00188   0.00176   1.00000   1.00000
   0.53800  11.37000   0.11030 423.00000   0.00265   0.00254   1.00000   1.00000
   0.53900   2.76000   0.15260 424.00000   0.00305   0.00137   1.00000   1.00000
   0.54000   3.97000   0.13808 425.00000   0.00180   0.00152   1.00000   1.00000
   0.54000  11.41000   0.11275 426.00000   0.00406   0.00225   1.00000   1.00000
   0.54100   5.91000   0.12261 427.00000   0.00748   0.00417   1.00000   1.00000
   0.54200   3.45000   0.14308 428.00000   0.00329   0.00243   1.00000   1.00000
   0.54300   4.08000   0.13689 429.00000   0.00178   0.00192   1.00000   1.00000
   0.54300   7.62000   0.11629 430.00000   0.00244   0.00198   1.00000   1.00000
   0.54300  12.57000   0.11197 431.00000   0.00414   0.00694   1.00000   1.00000
   0.54400   5.30000   0.12710 432.00000   0.00280   0.00178   1.00000   1.00000
   0.54500   9.68000   0.11040 433.00000   0.00442   0.00519   1.00000   1.00000
   0.54600  12.82000   0.10531 434.00000   0.00316   0.00305   1.00000   1.00000
   0.54700   2.77000   0.15086 435.00000   0.00453   0.00166   1.00000   1.00000
   0.54700  12.14000   0.10386 436.00000   0.00208   0.00208   1.00000   1.00000
   0.54700  12.84000   0.10629 437.00000   0.00680   0.00276   1.00000   1.00000
   0.54800   3.45000   0.13873 438.00000   0.00264   0.00222   1.00000   1.00000
   0.54800  12.54000   0.10184 439.00000   0.00591   0.00428   1.00000   1.00000
   0.55000  10.86000   0.10150 440.00000   0.00223   0.00213   1.00000   1.00000
   0.55300   3.99000   0.12534 441.00000   0.00852   0.00125   1.00000   1.00000
   0.55300  10.11000   0.10451 442.00000   0.00199   0.00167   1.00000   1.00000
   0.55400  14.59000   0.09612 443.00000   0.00394   0.00231   1.00000   1.00000
   0.55500   5.35000   0.12325 444.00000   0.00394   0.00160   1.00000   1.00000
   0.55600   3.97000   0.12876 445.00000   0.00386   0.00142   1.00000   1.00000
   0.56000   5.74000   0.11494 446.00000   0.00310   0.00126   1.00000   1.00000
   0.56400  14.24000   0.09219 447.00000   0.00194   0.00194   1.00000   1.00000
   0.56600   9.65000   0.09895 448.00000   0.00198   0.00168   1.00000   1.00000
   0.56600  14.81000   0.08884 449.00000   0.00240   0.00231   1.00000   1.00000
   0.56600  19.25000   0.07966 450.00000   0.00279   0.00422   1.00000   1.00000
   0.56800   5.91000   0.11355 451.00000   0.00250   0.00170   1.00000   1.00000
   0.56900   5.96000   0.11829 452.00000   0.00319   0.00426   1.00000   1.00000
   0.56900  10.68000   0.09301 453.00000   0.00279   0.00233   1.00000   1.00000
   0.56900  10.71000   0.09432 454.00000   0.00575   0.00217   1.00000   1.00000
   0.57100   7.35000   0.10294 455.00000   0.00299   0.00124   1.00000   1.00000
   0.57100  15.67000   0.07950 456.00000   0.00397   0.00405   1.00000   1.00000
   0.57200   7.50000   0.10199 457.00000   0.00245   0.00163   1.00000   1.00000
   0.57300   6.09000   0.10931 458.00000   0.00350   0.00153   1.00000   1.00000
   0.57300   7.86000   0.10116 459.00000   0.00202   0.00152   1.00000   1.00000
   0.58000   4.05000   0.11591 460.00000   0.00336   0.00116   1.00000   1.00000
   0.58000  13.38000   0.08283 461.00000   0.00414   0.00439   1.00000   1.00000
   0.58400  20.23000   0.07422 462.00000   0.00475   0.00564   1.00000   1.00000
   0.58600   4.08000   0.11441 463.00000   0.00320   0.00092   1.00000   1.00000
   0.58600   7.26000   0.09671 464.00000   0.00261   0.00164   1.00000   1.00000
   0.58700   6.32000   0.09640 465.00000   0.00549   0.00328   1.00000   1.00000
   0.58700  12.13000   0.08112 466.00000   0.00178   0.00187   1.00000   1.00000
   0.58900  12.18000   0.07889 467.00000   0.00276   0.00158   1.00000   1.00000
   0.59000   9.01000   0.08576 468.00000   0.00214   0.00172   1.00000   1.00000
   0.59000  10.41000   0.08325 469.00000   0.00291   0.00358   1.00000   1.00000
   0.59100   9.04000   0.08855 470.00000   0.00319   0.00142   1.00000   1.00000
   0.59100  14.97000   0.07371 471.00000   0.00155   0.00162   1.00000   1.00000
   0.59200  13.69000   0.07591 472.00000   0.00152   0.00144   1.00000   1.00000
   0.59500   4.23000   0.10693 473.00000   0.00150   0.00150   1.00000   1.00000
   0.59500  13.50000   0.06803 474.00000   0.00415   0.00293   1.00000   1.00000
   0.59500  16.71000   0.08354 475.00000   0.01270   0.00618   1.00000   1.00000
   0.59600   3.50000   0.11615 476.00000   0.00302   0.00232   1.00000   1.00000
   0.59600  11.84000   0.07810 477.00000   0.00141   0.00133   1.00000   1.00000
   0.59800   3.50000   0.11508 478.00000   0.00253   0.00219   1.00000   1.00000
   0.59800  12.87000   0.07268 479.00000   0.00153   0.00145   1.00000   1.00000
   0.59900   5.97000   0.08462 480.00000   0.01041   0.00135   1.00000   1.00000
   0.59900   6.44000   0.09594 481.00000   0.00345   0.00125   1.00000   1.00000
   0.59900  10.48000   0.07859 482.00000   0.00134   0.00134   1.00000   1.00000
   0.59900  15.50000   0.07550 483.00000   0.00325   0.00189   1.00000   1.00000
   0.60100   4.98000   0.10437 484.00000   0.00355   0.00125   1.00000   1.00000
   0.60400  10.59000   0.07734 485.00000   0.00101   0.00131   1.00000   1.00000
   0.60600   4.18000   0.10065 486.00000   0.00181   0.00121   1.00000   1.00000
   0.60700   8.54000   0.08635 487.00000   0.00250   0.00190   1.00000   1.00000
   0.60700   8.56000   0.07442 488.00000   0.00528   0.00134   1.00000   1.00000
   0.60700   8.91000   0.07926 489.00000   0.00127   0.00127   1.00000   1.00000
   0.60900   6.32000   0.08895 490.00000   0.00169   0.00320   1.00000   1.00000
   0.60900   8.10000   0.08041 491.00000   0.00153   0.00129   1.00000   1.00000
   0.61000   5.61000   0.08898 492.00000   0.00329   0.00133   1.00000   1.00000
   0.61000   7.61000   0.08094 493.00000   0.00138   0.00113   1.00000   1.00000
   0.61000  20.62000   0.05757 494.00000   0.00219   0.00305   1.00000   1.00000
   0.61300  14.10000   0.06630 495.00000   0.00199   0.00192   1.00000   1.00000
   0.61400  14.12000   0.06446 496.00000   0.00387   0.00174   1.00000   1.00000
   0.61500   5.62000   0.08939 497.00000   0.00277   0.00134   1.00000   1.00000
   0.61600   6.76000   0.08238 498.00000   0.00132   0.00124   1.00000   1.00000
   0.61600  10.16000   0.07192 499.00000   0.00151   0.00129   1.00000   1.00000
   0.61600  15.11000   0.06542 500.00000   0.00137   0.00137   1.00000   1.00000
   0.61800  15.85000   0.06205 501.00000   0.00149   0.00168   1.00000   1.00000
   0.61900  21.39000   0.05925 502.00000   0.00207   0.00415   1.00000   1.00000
   0.62100   7.84000   0.07842 503.00000   0.00141   0.00125   1.00000   1.00000
   0.62100  11.69000   0.06476 504.00000   0.00175   0.00149   1.00000   1.00000
   0.62100  16.91000   0.05468 505.00000   0.00301   0.00273   1.00000   1.00000
   0.62500   6.16000   0.08358 506.00000   0.00184   0.00125   1.00000   1.00000
   0.62600  14.35000   0.06419 507.00000   0.00347   0.00315   1.00000   1.00000
   0.62800   8.21000   0.07092 508.00000   0.00163   0.00113   1.00000   1.00000
   0.63200   6.18000   0.07920 509.00000   0.00222   0.00087   1.00000   1.00000
   0.63200  11.08000   0.06110 510.00000   0.00220   0.00257   1.00000   1.00000
   0.63300  17.69000   0.05403 511.00000   0.00259   0.00362   1.00000   1.00000
   0.63600   6.19000   0.07437 512.00000   0.00193   0.00119   1.00000   1.00000
   0.63800   4.15000   0.09100 513.00000   0.00237   0.00118   1.00000   1.00000
   0.64000  12.94000   0.05849 514.00000   0.00216   0.00123   1.00000   1.00000
   0.64100  12.93000   0.05507 515.00000   0.00127   0.00127   1.00000   1.00000
   0.64200  11.75000   0.05900 516.00000   0.00171   0.00153   1.00000   1.00000
   0.64200  11.78000   0.05677 517.00000   0.00375   0.00131   1.00000   1.00000
   0.64400   4.35000   0.08284 518.00000   0.00133   0.00124   1.00000   1.00000
   0.64500   6.82000   0.06221 519.00000   0.00442   0.00212   1.00000   1.00000
   0.64500   7.66000   0.06626 520.00000   0.00212   0.00099   1.00000   1.00000
   0.64500  14.52000   0.05210 521.00000   0.00297   0.00229   1.00000   1.00000
   0.64700  10.98000   0.05833 522.00000   0.00087   0.00099   1.00000   1.00000
   0.64900   4.30000   0.08494 523.00000   0.00119   0.00110   1.00000   1.00000
   0.64900   9.60000   0.05763 524.00000   0.00138   0.00115   1.00000   1.00000
   0.65000  13.55000   0.05076 525.00000   0.00112   0.00102   1.00000   1.00000
   0.65100   9.65000   0.05878 526.00000   0.00212   0.00100   1.00000   1.00000
   0.65300   5.78000   0.06894 527.00000   0.00241   0.00103   1.00000   1.00000
   0.65400   6.71000   0.06627 528.00000   0.00133   0.00232   1.00000   1.00000
   0.65800  22.12000   0.04110 529.00000   0.00148   0.00218   1.00000   1.00000
   0.66000   6.96000   0.06368 530.00000   0.00102   0.00102   1.00000   1.00000
   0.66200   6.65000   0.05917 531.00000   0.01095   0.00095   1.00000   1.00000
   0.66400   8.49000   0.05966 532.00000   0.00251   0.00119   1.00000   1.00000
   0.66600   6.77000   0.06006 533.00000   0.00240   0.00084   1.00000   1.00000
   0.66700  22.93000   0.03799 534.00000   0.00125   0.00251   1.00000   1.00000
   0.66800  15.91000   0.04290 535.00000   0.00094   0.00094   1.00000   1.00000
   0.66800  16.26000   0.04106 536.00000   0.00094   0.00094   1.00000   1.00000
   0.66900  10.65000   0.04779 537.00000   0.00110   0.00086   1.00000   1.00000
   0.67000   4.47000   0.07533 538.00000   0.00241   0.00090   1.00000   1.00000
   0.67000   7.85000   0.05515 539.00000   0.00110   0.00099   1.00000   1.00000
   0.67000  14.78000   0.04320 540.00000   0.00095   0.00086   1.00000   1.00000
   0.67000  16.86000   0.03974 541.00000   0.00151   0.00103   1.00000   1.00000
   0.67300   5.86000   0.05873 542.00000   0.00247   0.00100   1.00000   1.00000
   0.67300   8.19000   0.05467 543.00000   0.00104   0.00093   1.00000   1.00000
   0.67400  15.35000   0.03708 544.00000   0.00189   0.00178   1.00000   1.00000
   0.67400  16.91000   0.03776 545.00000   0.00102   0.00106   1.00000   1.00000
   0.67500  12.64000   0.04457 546.00000   0.00080   0.00071   1.00000   1.00000
   0.67500  18.77000   0.03497 547.00000   0.00140   0.00220   1.00000   1.00000
   0.67600  18.26000   0.03638 548.00000   0.00171   0.00182   1.00000   1.00000
   0.67800  11.24000   0.04402 549.00000   0.00084   0.00079   1.00000   1.00000
   0.67900   6.37000   0.05577 550.00000   0.00112   0.00095   1.00000   1.00000
   0.68100  11.84000   0.04202 551.00000   0.00160   0.00176   1.00000   1.00000
   0.68300  15.38000   0.03732 552.00000   0.00119   0.00112   1.00000   1.00000
   0.68300  15.41000   0.03869 553.00000   0.00298   0.00108   1.00000   1.00000
   0.68400   8.53000   0.04856 554.00000   0.00102   0.00087   1.00000   1.00000
   0.68600   6.47000   0.05471 555.00000   0.00126   0.00093   1.00000   1.00000
   0.69000   6.73000   0.05328 556.00000   0.00208   0.00096   1.00000   1.00000
   0.69000   8.63000   0.04538 557.00000   0.00082   0.00077   1.00000   1.00000
   0.69000   9.47000   0.04402 558.00000   0.00084   0.00079   1.00000   1.00000
   0.69100   9.40000   0.04192 559.00000   0.00126   0.00092   1.00000   1.00000
   0.69100   9.42000   0.03921 560.00000   0.00349   0.00074   1.00000   1.00000
   0.69200   5.18000   0.06271 561.00000   0.00314   0.00107   1.00000   1.00000
   0.69200  15.44000   0.03512 562.00000   0.00246   0.00158   1.00000   1.00000
   0.69400  13.70000   0.03823 563.00000   0.00164   0.00084   1.00000   1.00000
   0.69500   7.24000   0.04369 564.00000   0.00336   0.00149   1.00000   1.00000
   0.69600  13.69000   0.03592 565.00000   0.00090   0.00086   1.00000   1.00000
   0.70100  12.53000   0.03490 566.00000   0.00087   0.00091   1.00000   1.00000
   0.70200  14.19000   0.03295 567.00000   0.00072   0.00069   1.00000   1.00000
   0.70300  11.44000   0.03615 568.00000   0.00083   0.00069   1.00000   1.00000
   0.70400   7.15000   0.04556 569.00000   0.00073   0.00082   1.00000   1.00000
   0.70600   7.15000   0.04467 570.00000   0.00094   0.00156   1.00000   1.00000
   0.70800  23.66000   0.02551 571.00000   0.00184   0.00138   1.00000   1.00000
   0.71100   6.62000   0.04272 572.00000   0.00171   0.00056   1.00000   1.00000
   0.71200  10.20000   0.03661 573.00000   0.00099   0.00077   1.00000   1.00000
   0.71400  10.25000   0.03616 574.00000   0.00152   0.00065   1.00000   1.00000
   0.71600   7.91000   0.03698 575.00000   0.00148   0.00078   1.00000   1.00000
   0.71800   6.03000   0.04398 576.00000   0.00110   0.00075   1.00000   1.00000
   0.71800   8.02000   0.03695 577.00000   0.00085   0.00081   1.00000   1.00000
   0.71900  12.81000   0.02998 578.00000   0.00087   0.00081   1.00000   1.00000
   0.71900  12.85000   0.02981 579.00000   0.00298   0.00072   1.00000   1.00000
   0.71900  16.67000   0.02685 580.00000   0.00062   0.00062   1.00000   1.00000
   0.72300  11.12000   0.03161 581.00000   0.00079   0.00063   1.00000   1.00000
   0.72500  16.39000   0.02206 582.00000   0.00093   0.00106   1.00000   1.00000
   0.72600   8.51000   0.03608 583.00000   0.00072   0.00069   1.00000   1.00000
   0.72600  20.08000   0.02124 584.00000   0.00081   0.00130   1.00000   1.00000
   0.72700  24.85000   0.01963 585.00000   0.00075   0.00126   1.00000   1.00000
   0.72800   6.55000   0.04162 586.00000   0.00096   0.00079   1.00000   1.00000
   0.72900  19.54000   0.01815 587.00000   0.00176   0.00093   1.00000   1.00000
   0.73200  17.96000   0.02241 588.00000   0.00065   0.00065   1.00000   1.00000
   0.73500   6.73000   0.03783 589.00000   0.00076   0.00068   1.00000   1.00000
   0.73600  12.68000   0.02584 590.00000   0.00111   0.00111   1.00000   1.00000
   0.73800   8.82000   0.03081 591.00000   0.00059   0.00062   1.00000   1.00000
   0.74000  16.39000   0.02140 592.00000   0.00238   0.00098   1.00000   1.00000
   0.74000  17.40000   0.02053 593.00000   0.00051   0.00051   1.00000   1.00000
   0.74100   7.62000   0.03639 594.00000   0.00513   0.00127   1.00000   1.00000
   0.74200   6.11000   0.03750 595.00000   0.00165   0.00075   1.00000   1.00000
   0.74200  15.71000   0.02208 596.00000   0.00060   0.00049   1.00000   1.00000
   0.74300   6.87000   0.03517 597.00000   0.00222   0.00084   1.00000   1.00000
   0.74600  18.25000   0.02032 598.00000   0.00140   0.00057   1.00000   1.00000
   0.74700   8.98000   0.02809 599.00000   0.00070   0.00056   1.00000   1.00000
   0.74700  11.77000   0.02557 600.00000   0.00097   0.00056   1.00000   1.00000
   0.74900  13.32000   0.02247 601.00000   0.00045   0.00045   1.00000   1.00000
   0.75000  14.46000   0.02221 602.00000   0.00133   0.00053   1.00000   1.00000
   0.75100   7.33000   0.03119 603.00000   0.00059   0.00065   1.00000   1.00000
   0.75200  14.45000   0.01977 604.00000   0.00045   0.00049   1.00000   1.00000
   0.75300  14.80000   0.02000 605.00000   0.00048   0.00046   1.00000   1.00000
   0.75600  16.67000   0.01803 606.00000   0.00065   0.00058   1.00000   1.00000
   0.75600  16.69000   0.02022 607.00000   0.00237   0.00061   1.00000   1.00000
   0.75800   7.59000   0.02856 608.00000   0.00060   0.00103   1.00000   1.00000
   0.76000   9.88000   0.02445 609.00000   0.00054   0.00049   1.00000   1.00000
   0.76300  11.96000   0.02075 610.00000   0.00041   0.00046   1.00000   1.00000
   0.76400   8.07000   0.02465 611.00000   0.00126   0.00067   1.00000   1.00000
   0.76800   7.44000   0.02715 612.00000   0.00155   0.00046   1.00000   1.00000
   0.76900  10.72000   0.02065 613.00000   0.00068   0.00045   1.00000   1.00000
   0.77000   8.19000   0.02430 614.00000   0.00078   0.00070   1.00000   1.00000
   0.77000  17.37000   0.01483 615.00000   0.00037   0.00037   1.00000   1.00000
   0.77100   9.15000   0.02169 616.00000   0.00147   0.00056   1.00000   1.00000
   0.77300  17.38000   0.01302 617.00000   0.00052   0.00065   1.00000   1.00000
   0.77400  11.54000   0.01871 618.00000   0.00049   0.00041   1.00000   1.00000
   0.77800   8.81000   0.02185 619.00000   0.00052   0.00048   1.00000   1.00000
   0.77900  18.80000   0.01332 620.00000   0.00037   0.00041   1.00000   1.00000
   0.78100  10.25000   0.01888 621.00000   0.00064   0.00047   1.00000   1.00000
   0.78100  10.28000   0.01878 622.00000   0.00239   0.00041   1.00000   1.00000
   0.78100  10.85000   0.01924 623.00000   0.00112   0.00040   1.00000   1.00000
   0.78400   9.05000   0.02116 624.00000   0.00047   0.00053   1.00000   1.00000
   0.78500  21.58000   0.01080 625.00000   0.00042   0.00066   1.00000   1.00000
   0.78500  26.69000   0.00924 626.00000   0.00031   0.00060   1.00000   1.00000
   0.78600   9.20000   0.01881 627.00000   0.00045   0.00043   1.00000   1.00000
   0.78700  13.64000   0.01494 628.00000   0.00037   0.00036   1.00000   1.00000
   0.78900  13.36000   0.01494 629.00000   0.00040   0.00048   1.00000   1.00000
   0.79200  13.53000   0.01355 630.00000   0.00058   0.00062   1.00000   1.00000
   0.79900  19.17000   0.01094 631.00000   0.00110   0.00035   1.00000   1.00000
   0.80000  13.88000   0.01282 632.00000   0.00046   0.00040   1.00000   1.00000
   0.80000  13.92000   0.00851 633.00000   0.00176   0.00025   1.00000   1.00000
   0.80200  10.11000   0.01542 634.00000   0.00042   0.00040   1.00000   1.00000
   0.80200  15.10000   0.01154 635.00000   0.00028   0.00033   1.00000   1.00000
   0.80700  16.46000   0.01024 636.00000   0.00033   0.00029   1.00000   1.00000
   0.80900  15.22000   0.00820 637.00000   0.00117   0.00024   1.00000   1.00000
   0.80900  15.42000   0.01033 638.00000   0.00026   0.00029   1.00000   1.00000
   0.80900  18.40000   0.00863 639.00000   0.00023   0.00025   1.00000   1.00000
   0.81000  11.07000   0.01245 640.00000   0.00041   0.00032   1.00000   1.00000
   0.81800  12.40000   0.01046 641.00000   0.00030   0.00029   1.00000   1.00000
   0.81900  11.88000   0.01042 642.00000   0.00038   0.00029   1.00000   1.00000
   0.82000  13.91000   0.00968 643.00000   0.00030   0.00028   1.00000   1.00000
   0.82300  18.08000   0.00791 644.00000   0.00021   0.00025   1.00000   1.00000
   0.82600  18.44000   0.00649 645.00000   0.00028   0.00037   1.00000   1.00000
   0.83100  17.95000   0.00682 646.00000   0.00039   0.00027   1.00000   1.00000
   0.83200  19.70000   0.00623 647.00000   0.00019   0.00023   1.00000   1.00000
   0.83800  22.90000   0.00466 648.00000   0.00021   0.00032   1.00000   1.00000
   0.84400  14.29000   0.00607 649.00000   0.00037   0.00034   1.00000   1.00000
   0.84500  28.60000   0.00331 650.00000   0.00015   0.00025   1.00000   1.00000
   0.85100  15.70000   0.00568 651.00000   0.00018   0.00021   1.00000   1.00000
   0.85400  20.08000   0.00443 652.00000   0.00054   0.00019   1.00000   1.00000
   0.85500  15.91000   0.00544 653.00000   0.00016   0.00020   1.00000   1.00000
   0.86000  17.05000   0.00445 654.00000   0.00024   0.00017   1.00000   1.00000
   0.86600  19.18000   0.00341 655.00000   0.00016   0.00014   1.00000   1.00000
   0.86800  18.64000   0.00374 656.00000   0.00013   0.00015   1.00000   1.00000
   0.87200  15.98000   0.00383 657.00000   0.00058   0.00016   1.00000   1.00000
   0.87300  19.38000   0.00301 658.00000   0.00016   0.00022   1.00000   1.00000
   0.87600  20.41000   0.00301 659.00000   0.00012   0.00014   1.00000   1.00000
   0.88500  24.07000   0.00184 660.00000   0.00010   0.00015   1.00000   1.00000
   0.90000  30.31000   0.00077 661.00000   0.00006   0.00007   1.00000   1.00000
