SLAC F2 deuteron (reanalyzed)
L.W. Whitlow et al., PL B282, 475 (1992)
*
.017 0
      x         Q2        F2        i        stat      sys      dummy     dummy
   0.06300   0.89000   0.29733   1.00000   0.00505   0.00505   1.00000   1.00000
   0.06300   1.14000   0.30884   2.00000   0.00772   0.00525   1.00000   1.00000
   0.06500   0.92000   0.29690   3.00000   0.00534   0.00356   1.00000   1.00000
   0.06600   1.52000   0.32904   4.00000   0.00790   0.00954   1.00000   1.00000
   0.06700   0.59000   0.25588   5.00000   0.00614   0.00384   1.00000   1.00000
   0.06800   1.11000   0.30863   6.00000   0.00586   0.00370   1.00000   1.00000
   0.07500   1.66000   0.33283   7.00000   0.00832   0.00433   1.00000   1.00000
   0.07700   0.81000   0.29345   8.00000   0.00558   0.00352   1.00000   1.00000
   0.07700   1.11000   0.30769   9.00000   0.00800   0.00769   1.00000   1.00000
   0.07700   1.27000   0.31897  10.00000   0.00797   0.00415   1.00000   1.00000
   0.07700   2.01000   0.33899  11.00000   0.01119   0.00814   1.00000   1.00000
   0.07800   1.27000   0.32173  12.00000   0.00515   0.00869   1.00000   1.00000
   0.08000   0.58000   0.26434  13.00000   0.00476   0.00370   1.00000   1.00000
   0.08000   1.66000   0.31135  14.00000   0.00965   0.00872   1.00000   1.00000
   0.08100   1.00000   0.30117  15.00000   0.00542   0.00361   1.00000   1.00000
   0.08100   1.02000   0.30495  16.00000   0.00762   0.00427   1.00000   1.00000
   0.08200   1.02000   0.30991  17.00000   0.00558   0.00434   1.00000   1.00000
   0.08300   1.76000   0.32291  18.00000   0.00549   0.00872   1.00000   1.00000
   0.08300   2.39000   0.34020  19.00000   0.00919   0.00885   1.00000   1.00000
   0.08400   1.20000   0.31545  20.00000   0.00599   0.00347   1.00000   1.00000
   0.08400   1.54000   0.31463  21.00000   0.00818   0.00692   1.00000   1.00000
   0.08600   2.51000   0.30691  22.00000   0.02486   0.01013   1.00000   1.00000
   0.08800   1.96000   0.34305  23.00000   0.02058   0.00858   1.00000   1.00000
   0.08900   0.66000   0.27477  24.00000   0.00659   0.00495   1.00000   1.00000
   0.08900   2.00000   0.33247  25.00000   0.00399   0.00565   1.00000   1.00000
   0.09000   0.67000   0.27477  26.00000   0.00659   0.00495   1.00000   1.00000
   0.09000   0.67000   0.27439  27.00000   0.00686   0.00357   1.00000   1.00000
   0.09000   1.85000   0.32732  28.00000   0.00818   0.00327   1.00000   1.00000
   0.09100   1.53000   0.31502  29.00000   0.01134   0.00788   1.00000   1.00000
   0.09600   1.97000   0.32755  30.00000   0.00917   0.00655   1.00000   1.00000
   0.09600   1.97000   0.31347  31.00000   0.01160   0.00690   1.00000   1.00000
   0.09700   0.87000   0.29153  32.00000   0.00583   0.00350   1.00000   1.00000
   0.09800   1.44000   0.32056  33.00000   0.00801   0.00321   1.00000   1.00000
   0.09800   2.15000   0.33653  34.00000   0.00942   0.00774   1.00000   1.00000
   0.09900   2.44000   0.32544  35.00000   0.01009   0.00749   1.00000   1.00000
   0.10000   1.08000   0.30458  36.00000   0.00548   0.00335   1.00000   1.00000
   0.10200   0.62000   0.27367  37.00000   0.00520   0.00383   1.00000   1.00000
   0.10200   0.96000   0.30479  38.00000   0.00518   0.00701   1.00000   1.00000
   0.10200   1.29000   0.31483  39.00000   0.00598   0.00315   1.00000   1.00000
   0.10300   1.98000   0.31993  40.00000   0.00512   0.00288   1.00000   1.00000
   0.10400   1.14000   0.30117  41.00000   0.00753   0.00301   1.00000   1.00000
   0.10500   3.01000   0.32457  42.00000   0.01039   0.01201   1.00000   1.00000
   0.10600   2.14000   0.32600  43.00000   0.01271   0.00717   1.00000   1.00000
   0.10700   2.02000   0.32854  44.00000   0.00821   0.00296   1.00000   1.00000
   0.10700   2.89000   0.33953  45.00000   0.00849   0.00883   1.00000   1.00000
   0.10800   1.39000   0.31810  46.00000   0.00827   0.00541   1.00000   1.00000
   0.10800   1.83000   0.32934  47.00000   0.00823   0.00527   1.00000   1.00000
   0.10800   2.33000   0.31224  48.00000   0.01093   0.00781   1.00000   1.00000
   0.11300   1.83000   0.31733  49.00000   0.00889   0.00539   1.00000   1.00000
   0.11600   2.32000   0.32237  50.00000   0.00838   0.00741   1.00000   1.00000
   0.11800   0.66000   0.27724  51.00000   0.00388   0.00471   1.00000   1.00000
   0.11800   3.34000   0.33828  52.00000   0.01218   0.01218   1.00000   1.00000
   0.11900   0.74000   0.28484  53.00000   0.00712   0.00370   1.00000   1.00000
   0.12000   1.12000   0.29981  54.00000   0.00869   0.00480   1.00000   1.00000
   0.12000   2.31000   0.32609  55.00000   0.00913   0.00587   1.00000   1.00000
   0.12100   2.57000   0.31510  56.00000   0.00662   0.00851   1.00000   1.00000
   0.12200   1.59000   0.31621  57.00000   0.00791   0.00253   1.00000   1.00000
   0.12200   2.85000   0.33957  58.00000   0.00917   0.00713   1.00000   1.00000
   0.12300   1.59000   0.32021  59.00000   0.00512   0.00256   1.00000   1.00000
   0.12400   0.93000   0.30382  60.00000   0.00577   0.00365   1.00000   1.00000
   0.12400   1.15000   0.30688  61.00000   0.00583   0.00338   1.00000   1.00000
   0.12400   1.38000   0.31588  62.00000   0.00600   0.00347   1.00000   1.00000
   0.12600   2.19000   0.32423  63.00000   0.00778   0.00292   1.00000   1.00000
   0.12700   0.79000   0.29122  64.00000   0.00728   0.00437   1.00000   1.00000
   0.12700   1.36000   0.33379  65.00000   0.01535   0.00701   1.00000   1.00000
   0.12700   2.19000   0.31864  66.00000   0.00637   0.00287   1.00000   1.00000
   0.12900   2.04000   0.31055  67.00000   0.00714   0.00559   1.00000   1.00000
   0.13000   2.00000   0.32583  68.00000   0.00391   0.00358   1.00000   1.00000
   0.13000   2.54000   0.32427  69.00000   0.00843   0.00811   1.00000   1.00000
   0.13100   3.36000   0.33682  70.00000   0.00876   0.00741   1.00000   1.00000
   0.13200   1.26000   0.30726  71.00000   0.00799   0.00277   1.00000   1.00000
   0.13400   1.26000   0.31228  72.00000   0.00593   0.00406   1.00000   1.00000
   0.13400   3.72000   0.31930  73.00000   0.00990   0.01022   1.00000   1.00000
   0.13600   0.66000   0.27988  74.00000   0.00532   0.00364   1.00000   1.00000
   0.13900   0.91000   0.29939  75.00000   0.00659   0.00599   1.00000   1.00000
   0.14000   5.00000   0.32716  76.00000   0.00229   0.00687   1.00000   1.00000
   0.14100   2.18000   0.28484  77.00000   0.00911   0.00541   1.00000   1.00000
   0.14200   2.19000   0.32172  78.00000   0.00836   0.00483   1.00000   1.00000
   0.14300   2.76000   0.32410  79.00000   0.00745   0.00810   1.00000   1.00000
   0.14400   1.64000   0.30853  80.00000   0.00802   0.00432   1.00000   1.00000
   0.14600   3.02000   0.32391  81.00000   0.00842   0.00875   1.00000   1.00000
   0.14700   2.63000   0.32128  82.00000   0.00867   0.00546   1.00000   1.00000
   0.15000   0.77000   0.28935  83.00000   0.00376   0.00347   1.00000   1.00000
   0.15000   1.74000   0.31390  84.00000   0.00785   0.00251   1.00000   1.00000
   0.15000   3.27000   0.32923  85.00000   0.00889   0.00593   1.00000   1.00000
   0.15200   1.74000   0.31341  86.00000   0.00533   0.00282   1.00000   1.00000
   0.15200   2.38000   0.32340  87.00000   0.00809   0.00291   1.00000   1.00000
   0.15300   0.79000   0.28688  88.00000   0.00660   0.00316   1.00000   1.00000
   0.15300   2.39000   0.31699  89.00000   0.00539   0.00317   1.00000   1.00000
   0.15300   4.18000   0.30569  90.00000   0.00887   0.00825   1.00000   1.00000
   0.15600   1.62000   0.30534  91.00000   0.01221   0.00519   1.00000   1.00000
   0.15600   2.36000   0.31049  92.00000   0.00590   0.00590   1.00000   1.00000
   0.15700   1.31000   0.29968  93.00000   0.00390   0.00330   1.00000   1.00000
   0.15700   2.98000   0.31325  94.00000   0.00689   0.00752   1.00000   1.00000
   0.15700   3.80000   0.31528  95.00000   0.00820   0.00568   1.00000   1.00000
   0.15800   2.21000   0.32360  96.00000   0.01553   0.00744   1.00000   1.00000
   0.16100   3.27000   0.31355  97.00000   0.00815   0.00753   1.00000   1.00000
   0.16700   1.00000   0.29660  98.00000   0.00534   0.00356   1.00000   1.00000
   0.16800   1.36000   0.30559  99.00000   0.00795   0.00244   1.00000   1.00000
   0.17100   4.59000   0.30598 100.00000   0.00704   0.00704   1.00000   1.00000
   0.17100   5.35000   0.31063 101.00000   0.00777   0.00808   1.00000   1.00000
   0.17200   1.24000   0.30402 102.00000   0.00547   0.00334   1.00000   1.00000
   0.17200   2.55000   0.29612 103.00000   0.00622   0.00563   1.00000   1.00000
   0.17200   4.29000   0.30726 104.00000   0.00584   0.00768   1.00000   1.00000
   0.17300   1.39000   0.29081 105.00000   0.00465   0.00349   1.00000   1.00000
   0.17400   1.50000   0.30610 106.00000   0.00551   0.00337   1.00000   1.00000
   0.17400   3.20000   0.32521 107.00000   0.00618   0.00618   1.00000   1.00000
   0.17400   4.02000   0.31258 108.00000   0.00625   0.00688   1.00000   1.00000
   0.17600   0.82000   0.28495 109.00000   0.00627   0.00313   1.00000   1.00000
   0.17600   2.60000   0.32001 110.00000   0.00544   0.00672   1.00000   1.00000
   0.17600   3.50000   0.31086 111.00000   0.00622   0.00746   1.00000   1.00000
   0.17700   0.91000   0.29002 112.00000   0.00725   0.00435   1.00000   1.00000
   0.17700   1.10000   0.29873 113.00000   0.00538   0.00418   1.00000   1.00000
   0.17700   3.53000   0.30659 114.00000   0.00521   0.00674   1.00000   1.00000
   0.17800   1.43000   0.29943 115.00000   0.00389   0.00299   1.00000   1.00000
   0.17800   3.65000   0.31109 116.00000   0.00840   0.00467   1.00000   1.00000
   0.17900   2.51000   0.30440 117.00000   0.00791   0.00426   1.00000   1.00000
   0.17900   3.30000   0.30751 118.00000   0.00615   0.00646   1.00000   1.00000
   0.18100   0.69000   0.28396 119.00000   0.00540   0.00398   1.00000   1.00000
   0.18300   2.57000   0.30387 120.00000   0.00760   0.00304   1.00000   1.00000
   0.18500   1.87000   0.30606 121.00000   0.00765   0.00275   1.00000   1.00000
   0.18500   2.58000   0.30271 122.00000   0.00484   0.00303   1.00000   1.00000
   0.18500   3.01000   0.31060 123.00000   0.00839   0.00435   1.00000   1.00000
   0.18500   4.22000   0.33241 124.00000   0.00831   0.00465   1.00000   1.00000
   0.18700   1.87000   0.30441 125.00000   0.00517   0.00274   1.00000   1.00000
   0.18700   1.88000   0.30281 126.00000   0.00757   0.00394   1.00000   1.00000
   0.18800   0.88000   0.28951 127.00000   0.00376   0.00290   1.00000   1.00000
   0.18800   1.88000   0.30564 128.00000   0.00764   0.00520   1.00000   1.00000
   0.19000   2.74000   0.30260 129.00000   0.00484   0.00514   1.00000   1.00000
   0.19600   2.65000   0.31908 130.00000   0.01053   0.00702   1.00000   1.00000
   0.19600   5.14000   0.29499 131.00000   0.00501   0.00590   1.00000   1.00000
   0.20000   1.00000   0.29131 132.00000   0.00291   0.00262   1.00000   1.00000
   0.20000   1.00000   0.28724 133.00000   0.00287   0.00201   1.00000   1.00000
   0.20000   1.00000   0.29081 134.00000   0.00291   0.00204   1.00000   1.00000
   0.20000   1.00000   0.29246 135.00000   0.00292   0.00146   1.00000   1.00000
   0.20000   1.00000   0.29533 136.00000   0.00266   0.00148   1.00000   1.00000
   0.20000   1.50000   0.30401 137.00000   0.00304   0.00274   1.00000   1.00000
   0.20000   1.50000   0.29620 138.00000   0.00237   0.00207   1.00000   1.00000
   0.20000   1.50000   0.29847 139.00000   0.00239   0.00179   1.00000   1.00000
   0.20000   1.50000   0.30097 140.00000   0.00241   0.00150   1.00000   1.00000
   0.20000   1.50000   0.30146 141.00000   0.00241   0.00151   1.00000   1.00000
   0.20000   2.50000   0.31311 142.00000   0.00470   0.00595   1.00000   1.00000
   0.20000   2.50000   0.30273 143.00000   0.00212   0.00333   1.00000   1.00000
   0.20000   2.50000   0.29964 144.00000   0.00270   0.00240   1.00000   1.00000
   0.20000   5.00000   0.29168 145.00000   0.00350   0.00613   1.00000   1.00000
   0.20000   5.00000   0.29355 146.00000   0.00264   0.00499   1.00000   1.00000
   0.20000   5.00000   0.29647 147.00000   0.00237   0.00385   1.00000   1.00000
   0.20000   5.00000   0.29346 148.00000   0.00264   0.00411   1.00000   1.00000
   0.20100   3.62000   0.29223 149.00000   0.00584   0.00526   1.00000   1.00000
   0.20300   1.55000   0.29074 150.00000   0.00378   0.00262   1.00000   1.00000
   0.20400   3.94000   0.28755 151.00000   0.00489   0.00518   1.00000   1.00000
   0.20800   4.00000   0.30075 152.00000   0.00812   0.00361   1.00000   1.00000
   0.20900   1.46000   0.29341 153.00000   0.00763   0.00264   1.00000   1.00000
   0.20900   2.04000   0.29619 154.00000   0.00622   0.00474   1.00000   1.00000
   0.21000   4.03000   0.29898 155.00000   0.01405   0.00688   1.00000   1.00000
   0.21200   2.97000   0.29320 156.00000   0.00381   0.00440   1.00000   1.00000
   0.21300   1.46000   0.29728 157.00000   0.00565   0.00268   1.00000   1.00000
   0.21400   1.47000   0.28851 158.00000   0.00779   0.00375   1.00000   1.00000
   0.21400   5.33000   0.29214 159.00000   0.00818   0.00701   1.00000   1.00000
   0.21500   4.63000   0.29281 160.00000   0.00732   0.00351   1.00000   1.00000
   0.21700   1.05000   0.28434 161.00000   0.00512   0.00341   1.00000   1.00000
   0.21900   1.28000   0.29112 162.00000   0.00437   0.00349   1.00000   1.00000
   0.22000   1.99000   0.28439 163.00000   0.01934   0.00540   1.00000   1.00000
   0.22000   2.00000   0.29570 164.00000   0.00355   0.00207   1.00000   1.00000
   0.22000   5.00000   0.29082 165.00000   0.00349   0.00407   1.00000   1.00000
   0.22100   1.30000   0.28684 166.00000   0.00516   0.00316   1.00000   1.00000
   0.22300   0.87000   0.27658 167.00000   0.00636   0.00304   1.00000   1.00000
   0.22400   2.82000   0.28982 168.00000   0.00725   0.00348   1.00000   1.00000
   0.22400   5.72000   0.28020 169.00000   0.00476   0.00532   1.00000   1.00000
   0.22600   2.00000   0.29103 170.00000   0.00698   0.00262   1.00000   1.00000
   0.22700   3.37000   0.29471 171.00000   0.00796   0.00295   1.00000   1.00000
   0.22800   0.72000   0.27537 172.00000   0.00523   0.00386   1.00000   1.00000
   0.22900   1.99000   0.28748 173.00000   0.00489   0.00287   1.00000   1.00000
   0.23300   2.22000   0.28275 174.00000   0.00622   0.00424   1.00000   1.00000
   0.23300   4.37000   0.28058 175.00000   0.00505   0.00449   1.00000   1.00000
   0.23400   1.54000   0.29547 176.00000   0.00709   0.00443   1.00000   1.00000
   0.23500   0.99000   0.28224 177.00000   0.00367   0.00254   1.00000   1.00000
   0.23600   1.60000   0.28471 178.00000   0.00512   0.00313   1.00000   1.00000
   0.23600   4.07000   0.27646 179.00000   0.00359   0.00415   1.00000   1.00000
   0.23700   2.10000   0.28499 180.00000   0.00712   0.00342   1.00000   1.00000
   0.23700   3.10000   0.28473 181.00000   0.00683   0.00513   1.00000   1.00000
   0.23900   2.82000   0.28035 182.00000   0.00645   0.00308   1.00000   1.00000
   0.24000   1.02000   0.27708 183.00000   0.00720   0.00388   1.00000   1.00000
   0.24000   2.82000   0.27728 184.00000   0.00444   0.00305   1.00000   1.00000
   0.24100   3.25000   0.27734 185.00000   0.00471   0.00361   1.00000   1.00000
   0.24300   1.73000   0.27725 186.00000   0.00416   0.00277   1.00000   1.00000
   0.24300   1.73000   0.28623 187.00000   0.00372   0.00229   1.00000   1.00000
   0.24300   7.31000   0.25969 188.00000   0.01480   0.00649   1.00000   1.00000
   0.24800   5.03000   0.27059 189.00000   0.00676   0.00271   1.00000   1.00000
   0.24900   6.09000   0.26225 190.00000   0.00813   0.00603   1.00000   1.00000
   0.25100   4.45000   0.27297 191.00000   0.00737   0.00273   1.00000   1.00000
   0.25100   6.26000   0.27307 192.00000   0.00573   0.00492   1.00000   1.00000
   0.25600   2.38000   0.27395 193.00000   0.00521   0.00384   1.00000   1.00000
   0.25700   4.70000   0.26508 194.00000   0.00398   0.00398   1.00000   1.00000
   0.25700   7.50000   0.26197 195.00000   0.00576   0.00524   1.00000   1.00000
   0.25900   3.32000   0.27865 196.00000   0.00752   0.00474   1.00000   1.00000
   0.25900   5.94000   0.26316 197.00000   0.00447   0.00447   1.00000   1.00000
   0.26000   1.04000   0.27062 198.00000   0.00271   0.00216   1.00000   1.00000
   0.26000   4.82000   0.26760 199.00000   0.00830   0.00535   1.00000   1.00000
   0.26200   5.42000   0.26358 200.00000   0.00395   0.00369   1.00000   1.00000
   0.26300   4.25000   0.26252 201.00000   0.00420   0.00315   1.00000   1.00000
   0.26400   4.77000   0.26323 202.00000   0.00447   0.00395   1.00000   1.00000
   0.26600   1.08000   0.26978 203.00000   0.00513   0.00324   1.00000   1.00000
   0.26700   3.49000   0.27048 204.00000   0.00460   0.00352   1.00000   1.00000
   0.26800   1.46000   0.27170 205.00000   0.00489   0.00299   1.00000   1.00000
   0.26800   3.50000   0.26184 206.00000   0.00367   0.00314   1.00000   1.00000
   0.26900   1.05000   0.26365 207.00000   0.00580   0.00369   1.00000   1.00000
   0.27100   1.55000   0.26875 208.00000   0.00564   0.00242   1.00000   1.00000
   0.27300   1.35000   0.26857 209.00000   0.00483   0.00295   1.00000   1.00000
   0.27300   3.09000   0.26331 210.00000   0.00658   0.00237   1.00000   1.00000
   0.27300   6.68000   0.25525 211.00000   0.00510   0.00459   1.00000   1.00000
   0.27400   3.70000   0.25541 212.00000   0.00690   0.00230   1.00000   1.00000
   0.27500   0.90000   0.26169 213.00000   0.00602   0.00288   1.00000   1.00000
   0.27800   8.22000   0.24324 214.00000   0.00803   0.00584   1.00000   1.00000
   0.27900   1.64000   0.26327 215.00000   0.00474   0.00290   1.00000   1.00000
   0.28100   2.11000   0.26723 216.00000   0.00454   0.00267   1.00000   1.00000
   0.28100   3.54000   0.22980 217.00000   0.00552   0.00368   1.00000   1.00000
   0.28300   2.12000   0.25459 218.00000   0.00586   0.00255   1.00000   1.00000
   0.28400   2.57000   0.26006 219.00000   0.00494   0.00338   1.00000   1.00000
   0.28600   6.85000   0.23546 220.00000   0.00683   0.00518   1.00000   1.00000
   0.29000   2.48000   0.25598 221.00000   0.00512   0.00410   1.00000   1.00000
   0.29000   5.12000   0.24282 222.00000   0.00316   0.00340   1.00000   1.00000
   0.29000   5.28000   0.23598 223.00000   0.00496   0.00448   1.00000   1.00000
   0.29300   1.10000   0.25780 224.00000   0.00232   0.00206   1.00000   1.00000
   0.29300   5.50000   0.23816 225.00000   0.00595   0.00214   1.00000   1.00000
   0.29700   2.30000   0.25065 226.00000   0.00627   0.00276   1.00000   1.00000
   0.29700   4.84000   0.24817 227.00000   0.00645   0.00223   1.00000   1.00000
   0.29800   1.85000   0.25601 228.00000   0.00563   0.00358   1.00000   1.00000
   0.29800   1.94000   0.25071 229.00000   0.00301   0.00201   1.00000   1.00000
   0.30000  10.00000   0.23158 230.00000   0.00324   0.00371   1.00000   1.00000
   0.30000   2.00000   0.25124 231.00000   0.00301   0.00151   1.00000   1.00000
   0.30000   5.00000   0.23763 232.00000   0.00261   0.00333   1.00000   1.00000
   0.30000   5.00000   0.23802 233.00000   0.00286   0.00214   1.00000   1.00000
   0.30200   3.78000   0.24059 234.00000   0.00313   0.00265   1.00000   1.00000
   0.30600   3.78000   0.22922 235.00000   0.00596   0.00344   1.00000   1.00000
   0.30900   3.05000   0.24340 236.00000   0.00609   0.00292   1.00000   1.00000
   0.30900   7.32000   0.22910 237.00000   0.00344   0.00412   1.00000   1.00000
   0.31300   3.06000   0.23888 238.00000   0.00382   0.00263   1.00000   1.00000
   0.31300   7.14000   0.21843 239.00000   0.00502   0.00371   1.00000   1.00000
   0.31300   9.13000   0.20998 240.00000   0.00651   0.00504   1.00000   1.00000
   0.31400   1.60000   0.24937 241.00000   0.00524   0.00224   1.00000   1.00000
   0.31400   7.41000   0.21906 242.00000   0.00416   0.00460   1.00000   1.00000
   0.31600   1.10000   0.24908 243.00000   0.00473   0.00299   1.00000   1.00000
   0.31900   2.79000   0.23154 244.00000   0.00370   0.00278   1.00000   1.00000
   0.32100   5.06000   0.22346 245.00000   0.00447   0.00290   1.00000   1.00000
   0.32200   1.11000   0.24564 246.00000   0.00540   0.00319   1.00000   1.00000
   0.32200   1.38000   0.24724 247.00000   0.00445   0.00272   1.00000   1.00000
   0.32200   5.14000   0.23487 248.00000   0.00634   0.00493   1.00000   1.00000
   0.32400   1.61000   0.25624 249.00000   0.00512   0.00231   1.00000   1.00000
   0.32400   1.64000   0.24248 250.00000   0.00436   0.00242   1.00000   1.00000
   0.32600   2.03000   0.23636 251.00000   0.00355   0.00236   1.00000   1.00000
   0.32800   1.68000   0.24029 252.00000   0.00433   0.00264   1.00000   1.00000
   0.32800   4.01000   0.23263 253.00000   0.00605   0.00186   1.00000   1.00000
   0.33000   3.86000   0.19349 254.00000   0.01219   0.00929   1.00000   1.00000
   0.33200   3.36000   0.22480 255.00000   0.00540   0.00180   1.00000   1.00000
   0.33200   4.01000   0.23595 256.00000   0.00731   0.00425   1.00000   1.00000
   0.33200   4.01000   0.21237 257.00000   0.00446   0.00297   1.00000   1.00000
   0.33500   7.47000   0.21028 258.00000   0.00294   0.00357   1.00000   1.00000
   0.33700   1.17000   0.23992 259.00000   0.00240   0.00192   1.00000   1.00000
   0.33700   5.67000   0.21258 260.00000   0.00276   0.00298   1.00000   1.00000
   0.34100   5.93000   0.21250 261.00000   0.00531   0.00191   1.00000   1.00000
   0.34200   6.03000   0.21564 262.00000   0.00410   0.00388   1.00000   1.00000
   0.34300   9.39000   0.19687 263.00000   0.00354   0.00354   1.00000   1.00000
   0.34400   2.21000   0.22951 264.00000   0.00367   0.00230   1.00000   1.00000
   0.34400   4.10000   0.21413 265.00000   0.00278   0.00236   1.00000   1.00000
   0.34700   1.74000   0.22877 266.00000   0.00595   0.00275   1.00000   1.00000
   0.34700   5.22000   0.21421 267.00000   0.00557   0.00171   1.00000   1.00000
   0.34700   7.36000   0.20231 268.00000   0.00364   0.00324   1.00000   1.00000
   0.34800   2.22000   0.22336 269.00000   0.00447   0.00223   1.00000   1.00000
   0.34900  10.02000   0.18324 270.00000   0.00495   0.00440   1.00000   1.00000
   0.35000   1.50000   0.23096 271.00000   0.00208   0.00162   1.00000   1.00000
   0.35000   1.50000   0.23041 272.00000   0.00207   0.00161   1.00000   1.00000
   0.35000   1.50000   0.22922 273.00000   0.00206   0.00138   1.00000   1.00000
   0.35000   1.50000   0.23232 274.00000   0.00209   0.00116   1.00000   1.00000
   0.35000   1.50000   0.23249 275.00000   0.00325   0.00116   1.00000   1.00000
   0.35000   2.50000   0.22430 276.00000   0.00202   0.00179   1.00000   1.00000
   0.35000   2.50000   0.22132 277.00000   0.00199   0.00155   1.00000   1.00000
   0.35000   2.50000   0.22055 278.00000   0.00198   0.00132   1.00000   1.00000
   0.35000   2.50000   0.22310 279.00000   0.00178   0.00112   1.00000   1.00000
   0.35000   2.50000   0.22028 280.00000   0.00198   0.00110   1.00000   1.00000
   0.35000   5.00000   0.20817 281.00000   0.00229   0.00291   1.00000   1.00000
   0.35000   5.00000   0.20729 282.00000   0.00166   0.00207   1.00000   1.00000
   0.35000   5.00000   0.20917 283.00000   0.00167   0.00167   1.00000   1.00000
   0.35000   5.00000   0.20747 284.00000   0.00166   0.00145   1.00000   1.00000
   0.35000   6.56000   0.20257 285.00000   0.00324   0.00304   1.00000   1.00000
   0.35200   6.02000   0.19458 286.00000   0.00409   0.00292   1.00000   1.00000
   0.35300   5.09000   0.20751 287.00000   0.00291   0.00291   1.00000   1.00000
   0.35300   5.84000   0.20593 288.00000   0.00350   0.00268   1.00000   1.00000
   0.35500   2.12000   0.22154 289.00000   0.00266   0.00177   1.00000   1.00000
   0.35700   8.14000   0.18871 290.00000   0.00302   0.00340   1.00000   1.00000
   0.35800   4.21000   0.20882 291.00000   0.00355   0.00230   1.00000   1.00000
   0.36100   4.18000   0.20339 292.00000   0.00651   0.00814   1.00000   1.00000
   0.36400   8.37000   0.19032 293.00000   0.00438   0.00400   1.00000   1.00000
   0.36500   1.64000   0.22101 294.00000   0.00420   0.00199   1.00000   1.00000
   0.36500   1.65000   0.22649 295.00000   0.00453   0.00204   1.00000   1.00000
   0.36600   3.06000   0.20373 296.00000   0.00428   0.00224   1.00000   1.00000
   0.36700   4.32000   0.20483 297.00000   0.00307   0.00266   1.00000   1.00000
   0.36800   7.94000   0.18531 298.00000   0.00315   0.00296   1.00000   1.00000
   0.36900   2.98000   0.20615 299.00000   0.00433   0.00289   1.00000   1.00000
   0.37000   2.16000   0.21573 300.00000   0.00604   0.00280   1.00000   1.00000
   0.37100   7.49000   0.17927 301.00000   0.00574   0.00412   1.00000   1.00000
   0.37200   3.19000   0.20748 302.00000   0.00332   0.00249   1.00000   1.00000
   0.37200   3.19000   0.20132 303.00000   0.00463   0.00262   1.00000   1.00000
   0.37300   1.40000   0.22184 304.00000   0.00421   0.00222   1.00000   1.00000
   0.37400   2.49000   0.20880 305.00000   0.00501   0.00188   1.00000   1.00000
   0.37600   1.71000   0.21492 306.00000   0.00387   0.00215   1.00000   1.00000
   0.37700  10.66000   0.13958 307.00000   0.03615   0.01256   1.00000   1.00000
   0.38200   6.32000   0.18218 308.00000   0.00255   0.00273   1.00000   1.00000
   0.38400   4.88000   0.18520 309.00000   0.01852   0.00259   1.00000   1.00000
   0.38600   6.63000   0.18068 310.00000   0.00361   0.00307   1.00000   1.00000
   0.38700   4.29000   0.18893 311.00000   0.00491   0.00151   1.00000   1.00000
   0.38700   5.99000   0.17837 312.00000   0.00535   0.00357   1.00000   1.00000
   0.38800   1.83000   0.20648 313.00000   0.00351   0.00206   1.00000   1.00000
   0.38900  10.96000   0.16544 314.00000   0.00397   0.00397   1.00000   1.00000
   0.39300   6.33000   0.17369 315.00000   0.00417   0.00156   1.00000   1.00000
   0.39700   2.28000   0.19747 316.00000   0.00395   0.00197   1.00000   1.00000
   0.39800   3.59000   0.18620 317.00000   0.00447   0.00149   1.00000   1.00000
   0.40000   2.00000   0.20279 318.00000   0.00243   0.00122   1.00000   1.00000
   0.40000   5.00000   0.17643 319.00000   0.00176   0.00141   1.00000   1.00000
   0.40000  10.00000   0.16113 320.00000   0.00177   0.00209   1.00000   1.00000
   0.40100   4.57000   0.18064 321.00000   0.00632   0.00668   1.00000   1.00000
   0.40100   6.36000   0.17389 322.00000   0.00243   0.00261   1.00000   1.00000
   0.40200   4.50000   0.18000 323.00000   0.00234   0.00216   1.00000   1.00000
   0.40300   9.46000   0.14535 324.00000   0.01352   0.00785   1.00000   1.00000
   0.40400   2.28000   0.20217 325.00000   0.00384   0.00202   1.00000   1.00000
   0.40400   5.57000   0.17504 326.00000   0.00455   0.00140   1.00000   1.00000
   0.40500  11.39000   0.17450 327.00000   0.01099   0.01361   1.00000   1.00000
   0.40500   9.13000   0.16269 328.00000   0.00374   0.00342   1.00000   1.00000
   0.40600   8.46000   0.15733 329.00000   0.00267   0.00252   1.00000   1.00000
   0.40800   2.27000   0.18854 330.00000   0.00226   0.00151   1.00000   1.00000
   0.41000   4.74000   0.17062 331.00000   0.00461   0.00290   1.00000   1.00000
   0.41200  11.41000   0.13544 332.00000   0.01219   0.00284   1.00000   1.00000
   0.41300  10.74000   0.15396 333.00000   0.00277   0.00308   1.00000   1.00000
   0.41500   3.32000   0.17547 334.00000   0.00281   0.00175   1.00000   1.00000
   0.41500   9.58000   0.15350 335.00000   0.00230   0.00246   1.00000   1.00000
   0.41600   5.08000   0.16406 336.00000   0.00328   0.00230   1.00000   1.00000
   0.41600   9.06000   0.15510 337.00000   0.00233   0.00295   1.00000   1.00000
   0.41700   1.68000   0.19828 338.00000   0.00397   0.00178   1.00000   1.00000
   0.41700   8.35000   0.15482 339.00000   0.00232   0.00263   1.00000   1.00000
   0.41800   1.68000   0.19871 340.00000   0.00298   0.00179   1.00000   1.00000
   0.41900   8.39000   0.15306 341.00000   0.00306   0.00199   1.00000   1.00000
   0.42100  10.27000   0.13956 342.00000   0.00795   0.00363   1.00000   1.00000
   0.42100   7.33000   0.15508 343.00000   0.00233   0.00233   1.00000   1.00000
   0.42200   2.29000   0.18422 344.00000   0.00276   0.00166   1.00000   1.00000
   0.42400   6.57000   0.15461 345.00000   0.00247   0.00232   1.00000   1.00000
   0.42600   5.65000   0.15620 346.00000   0.00219   0.00203   1.00000   1.00000
   0.42700   1.74000   0.18926 347.00000   0.00341   0.00189   1.00000   1.00000
   0.42800  11.86000   0.14188 348.00000   0.00355   0.00341   1.00000   1.00000
   0.42800   6.07000   0.15953 349.00000   0.00303   0.00223   1.00000   1.00000
   0.42900  10.03000   0.14002 350.00000   0.00798   0.00672   1.00000   1.00000
   0.43000   6.76000   0.15096 351.00000   0.00196   0.00211   1.00000   1.00000
   0.43200  10.34000   0.13210 352.00000   0.00410   0.00264   1.00000   1.00000
   0.43200  12.10000   0.14880 353.00000   0.00848   0.01027   1.00000   1.00000
   0.43200   4.69000   0.15752 354.00000   0.00378   0.00158   1.00000   1.00000
   0.43200   5.68000   0.15229 355.00000   0.00228   0.00107   1.00000   1.00000
   0.43300   7.23000   0.15205 356.00000   0.00304   0.00258   1.00000   1.00000
   0.43400   4.86000   0.15949 357.00000   0.00287   0.00207   1.00000   1.00000
   0.43400   8.56000   0.14486 358.00000   0.00435   0.00333   1.00000   1.00000
   0.43500  15.02000   0.14209 359.00000   0.01009   0.00966   1.00000   1.00000
   0.43600  11.90000   0.13467 360.00000   0.00296   0.00283   1.00000   1.00000
   0.44000   2.62000   0.16938 361.00000   0.00339   0.00152   1.00000   1.00000
   0.44000   3.31000   0.16256 362.00000   0.00260   0.00211   1.00000   1.00000
   0.44200   3.31000   0.16153 363.00000   0.00323   0.00226   1.00000   1.00000
   0.44400   5.00000   0.14647 364.00000   0.00644   0.00513   1.00000   1.00000
   0.44700   2.32000   0.16654 365.00000   0.00366   0.00183   1.00000   1.00000
   0.44700   6.69000   0.14195 366.00000   0.00341   0.00128   1.00000   1.00000
   0.44800   9.89000   0.13534 367.00000   0.00298   0.00284   1.00000   1.00000
   0.44900   8.98000   0.13494 368.00000   0.00229   0.00216   1.00000   1.00000
   0.45000   2.33000   0.16714 369.00000   0.00334   0.00184   1.00000   1.00000
   0.45300   1.87000   0.16718 370.00000   0.00468   0.00184   1.00000   1.00000
   0.45300   2.46000   0.16391 371.00000   0.00328   0.00213   1.00000   1.00000
   0.45400   4.55000   0.15011 372.00000   0.00375   0.00120   1.00000   1.00000
   0.45600  10.74000   0.12548 373.00000   0.00138   0.00238   1.00000   1.00000
   0.45600   6.85000   0.13160 374.00000   0.00382   0.00250   1.00000   1.00000
   0.45700   3.48000   0.15637 375.00000   0.00297   0.00203   1.00000   1.00000
   0.45900   5.35000   0.13976 376.00000   0.00252   0.00182   1.00000   1.00000
   0.46000  12.58000   0.10963 377.00000   0.00493   0.00285   1.00000   1.00000
   0.46400  10.78000   0.12169 378.00000   0.00584   0.00535   1.00000   1.00000
   0.46400   2.01000   0.16474 379.00000   0.00280   0.00165   1.00000   1.00000
   0.46500   5.89000   0.13584 380.00000   0.00353   0.00122   1.00000   1.00000
   0.46800  12.76000   0.11742 381.00000   0.00305   0.00282   1.00000   1.00000
   0.46900  13.07000   0.10382 382.00000   0.00561   0.00633   1.00000   1.00000
   0.46900   9.81000   0.11818 383.00000   0.00177   0.00236   1.00000   1.00000
   0.47100  12.57000   0.11505 384.00000   0.00207   0.00242   1.00000   1.00000
   0.47100   3.80000   0.14484 385.00000   0.00348   0.00116   1.00000   1.00000
   0.47200   7.03000   0.12826 386.00000   0.00167   0.00205   1.00000   1.00000
   0.47400   7.13000   0.12487 387.00000   0.00175   0.00175   1.00000   1.00000
   0.47700  16.39000   0.11887 388.00000   0.00547   0.00713   1.00000   1.00000
   0.47900   8.70000   0.11702 389.00000   0.00503   0.00199   1.00000   1.00000
   0.48000  13.02000   0.11241 390.00000   0.00259   0.00292   1.00000   1.00000
   0.48200  11.56000   0.11222 391.00000   0.00460   0.00292   1.00000   1.00000
   0.48300   5.37000   0.13064 392.00000   0.00575   0.00457   1.00000   1.00000
   0.48300   7.84000   0.12027 393.00000   0.00229   0.00204   1.00000   1.00000
   0.48400   4.99000   0.12631 394.00000   0.00202   0.00164   1.00000   1.00000
   0.48500   2.43000   0.14811 395.00000   0.00222   0.00133   1.00000   1.00000
   0.48500   2.44000   0.14551 396.00000   0.00189   0.00131   1.00000   1.00000
   0.48800   5.41000   0.12061 397.00000   0.00277   0.00193   1.00000   1.00000
   0.48900   2.69000   0.14083 398.00000   0.00282   0.00127   1.00000   1.00000
   0.49000   3.38000   0.13666 399.00000   0.00273   0.00219   1.00000   1.00000
   0.49200  10.62000   0.10780 400.00000   0.00248   0.00248   1.00000   1.00000
   0.49200  11.30000   0.10675 401.00000   0.00160   0.00203   1.00000   1.00000
   0.49200   7.22000   0.11552 402.00000   0.00185   0.00104   1.00000   1.00000
   0.49300  10.65000   0.10329 403.00000   0.00207   0.00217   1.00000   1.00000
   0.49400   3.38000   0.13479 404.00000   0.00243   0.00189   1.00000   1.00000
   0.49400   5.30000   0.12228 405.00000   0.00220   0.00147   1.00000   1.00000
   0.49800   9.54000   0.10505 406.00000   0.00179   0.00168   1.00000   1.00000
   0.50000  10.00000   0.10235 407.00000   0.00154   0.00123   1.00000   1.00000
   0.50000  10.00000   0.10241 408.00000   0.00082   0.00102   1.00000   1.00000
   0.50000  10.00000   0.10272 409.00000   0.00134   0.00164   1.00000   1.00000
   0.50000   2.50000   0.13995 410.00000   0.00140   0.00168   1.00000   1.00000
   0.50000   2.50000   0.14082 411.00000   0.00141   0.00084   1.00000   1.00000
   0.50000   2.50000   0.14209 412.00000   0.00114   0.00071   1.00000   1.00000
   0.50000   2.50000   0.13956 413.00000   0.00126   0.00070   1.00000   1.00000
   0.50000   2.50000   0.14095 414.00000   0.00155   0.00127   1.00000   1.00000
   0.50000   5.00000   0.11827 415.00000   0.00130   0.00095   1.00000   1.00000
   0.50000   5.00000   0.11816 416.00000   0.00106   0.00083   1.00000   1.00000
   0.50000   5.00000   0.11696 417.00000   0.00082   0.00058   1.00000   1.00000
   0.50000   5.00000   0.11734 418.00000   0.00164   0.00164   1.00000   1.00000
   0.50000   5.00000   0.11796 419.00000   0.00106   0.00118   1.00000   1.00000
   0.50000   5.00000   0.11868 420.00000   0.00107   0.00083   1.00000   1.00000
   0.50000   7.50000   0.10687 421.00000   0.00182   0.00192   1.00000   1.00000
   0.50000   7.50000   0.10928 422.00000   0.00120   0.00087   1.00000   1.00000
   0.50000   9.64000   0.10424 423.00000   0.00313   0.00240   1.00000   1.00000
   0.50000  10.00000   0.10344 424.00000   0.00134   0.00217   1.00000   1.00000
   0.50300  11.61000   0.09804 425.00000   0.00598   0.00422   1.00000   1.00000
   0.50300   2.38000   0.14116 426.00000   0.00282   0.00169   1.00000   1.00000
   0.50300   3.74000   0.12484 427.00000   0.00250   0.00125   1.00000   1.00000
   0.50600   3.96000   0.12097 428.00000   0.00278   0.00157   1.00000   1.00000
   0.50800   7.04000   0.10573 429.00000   0.00254   0.00106   1.00000   1.00000
   0.50900   9.09000   0.11166 430.00000   0.01083   0.00636   1.00000   1.00000
   0.51000  13.68000   0.09136 431.00000   0.00265   0.00219   1.00000   1.00000
   0.51300   5.64000   0.11106 432.00000   0.00200   0.00155   1.00000   1.00000
   0.51400   9.10000   0.09607 433.00000   0.00173   0.00163   1.00000   1.00000
   0.51600  13.40000   0.08802 434.00000   0.00158   0.00185   1.00000   1.00000
   0.51700   2.50000   0.13225 435.00000   0.00172   0.00132   1.00000   1.00000
   0.51700  12.55000   0.08881 436.00000   0.00160   0.00169   1.00000   1.00000
   0.51800   2.38000   0.13772 437.00000   0.00413   0.00165   1.00000   1.00000
   0.52100  10.98000   0.09095 438.00000   0.00146   0.00146   1.00000   1.00000
   0.52200   2.52000   0.13430 439.00000   0.00148   0.00121   1.00000   1.00000
   0.52200  13.91000   0.08346 440.00000   0.00184   0.00217   1.00000   1.00000
   0.52300  17.89000   0.08460 441.00000   0.00313   0.00474   1.00000   1.00000
   0.52300   9.66000   0.09077 442.00000   0.00154   0.00154   1.00000   1.00000
   0.52400   5.75000   0.10183 443.00000   0.00479   0.00356   1.00000   1.00000
   0.52500   7.52000   0.09731 444.00000   0.00175   0.00136   1.00000   1.00000
   0.52600  14.52000   0.08814 445.00000   0.00494   0.00476   1.00000   1.00000
   0.52800   6.17000   0.09901 446.00000   0.00277   0.00099   1.00000   1.00000
   0.52900   7.69000   0.09134 447.00000   0.00265   0.00192   1.00000   1.00000
   0.52900   7.71000   0.09723 448.00000   0.00311   0.00185   1.00000   1.00000
   0.52900   8.31000   0.09192 449.00000   0.00138   0.00129   1.00000   1.00000
   0.53200   4.80000   0.10404 450.00000   0.00260   0.00104   1.00000   1.00000
   0.53300   7.52000   0.09380 451.00000   0.00141   0.00141   1.00000   1.00000
   0.53400   8.40000   0.08776 452.00000   0.00184   0.00167   1.00000   1.00000
   0.53500   8.44000   0.08953 453.00000   0.00170   0.00143   1.00000   1.00000
   0.53600   5.66000   0.11410 454.00000   0.01015   0.00445   1.00000   1.00000
   0.53600   6.34000   0.09485 455.00000   0.00133   0.00133   1.00000   1.00000
   0.53600   7.23000   0.09342 456.00000   0.00523   0.00140   1.00000   1.00000
   0.53800  11.37000   0.08075 457.00000   0.00162   0.00186   1.00000   1.00000
   0.53900   2.76000   0.11804 458.00000   0.00236   0.00106   1.00000   1.00000
   0.54000  11.41000   0.08450 459.00000   0.00211   0.00177   1.00000   1.00000
   0.54100   7.61000   0.09208 460.00000   0.00147   0.00157   1.00000   1.00000
   0.54200   3.44000   0.10926 461.00000   0.00240   0.00186   1.00000   1.00000
   0.54300   4.08000   0.10099 462.00000   0.00121   0.00131   1.00000   1.00000
   0.54400   5.30000   0.09462 463.00000   0.00218   0.00132   1.00000   1.00000
   0.54500   9.69000   0.08297 464.00000   0.00382   0.00398   1.00000   1.00000
   0.54600  12.13000   0.07810 465.00000   0.00133   0.00148   1.00000   1.00000
   0.54600  12.82000   0.07587 466.00000   0.00205   0.00212   1.00000   1.00000
   0.54700   2.77000   0.11976 467.00000   0.00240   0.00144   1.00000   1.00000
   0.54700  12.84000   0.07380 468.00000   0.00310   0.00199   1.00000   1.00000
   0.54800  12.54000   0.07337 469.00000   0.00558   0.00315   1.00000   1.00000
   0.54800   3.45000   0.10729 470.00000   0.00215   0.00172   1.00000   1.00000
   0.55000  10.86000   0.07912 471.00000   0.00135   0.00174   1.00000   1.00000
   0.55100  10.10000   0.07807 472.00000   0.00125   0.00125   1.00000   1.00000
   0.55200  12.78000   0.07723 473.00000   0.01050   0.00463   1.00000   1.00000
   0.55300   3.99000   0.09860 474.00000   0.00592   0.00099   1.00000   1.00000
   0.55400  14.59000   0.06913 475.00000   0.00180   0.00173   1.00000   1.00000
   0.55500   5.35000   0.09108 476.00000   0.00200   0.00128   1.00000   1.00000
   0.55600   3.97000   0.09932 477.00000   0.00199   0.00119   1.00000   1.00000
   0.56000   5.74000   0.08669 478.00000   0.00165   0.00104   1.00000   1.00000
   0.56400  14.24000   0.06665 479.00000   0.00120   0.00140   1.00000   1.00000
   0.56600  14.81000   0.06536 480.00000   0.00144   0.00170   1.00000   1.00000
   0.56600   5.93000   0.08729 481.00000   0.00297   0.00323   1.00000   1.00000
   0.56600   9.65000   0.07306 482.00000   0.00132   0.00124   1.00000   1.00000
   0.56700  19.29000   0.06299 483.00000   0.00214   0.00340   1.00000   1.00000
   0.56800   5.91000   0.08168 484.00000   0.00155   0.00114   1.00000   1.00000
   0.56900  10.68000   0.07079 485.00000   0.00170   0.00177   1.00000   1.00000
   0.56900  10.71000   0.06756 486.00000   0.00243   0.00155   1.00000   1.00000
   0.56900   6.16000   0.07728 487.00000   0.00332   0.00270   1.00000   1.00000
   0.57100   7.35000   0.07487 488.00000   0.00180   0.00090   1.00000   1.00000
   0.57300   6.09000   0.07901 489.00000   0.00174   0.00119   1.00000   1.00000
   0.57300   7.50000   0.07611 490.00000   0.00145   0.00114   1.00000   1.00000
   0.57400  15.74000   0.05828 491.00000   0.00291   0.00297   1.00000   1.00000
   0.57700   7.88000   0.07308 492.00000   0.00139   0.00110   1.00000   1.00000
   0.58000   4.04000   0.08822 493.00000   0.00238   0.00097   1.00000   1.00000
   0.58400  20.25000   0.05123 494.00000   0.00389   0.00389   1.00000   1.00000
   0.58600   4.08000   0.08777 495.00000   0.00176   0.00088   1.00000   1.00000
   0.58600   7.26000   0.07075 496.00000   0.00127   0.00127   1.00000   1.00000
   0.58700  12.13000   0.06067 497.00000   0.00109   0.00140   1.00000   1.00000
   0.58700  13.52000   0.06120 498.00000   0.00416   0.00324   1.00000   1.00000
   0.58900  12.18000   0.06119 499.00000   0.00153   0.00128   1.00000   1.00000
   0.59000   9.01000   0.06656 500.00000   0.00126   0.00126   1.00000   1.00000
   0.59100  10.41000   0.05977 501.00000   0.00233   0.00263   1.00000   1.00000
   0.59100   9.04000   0.06557 502.00000   0.00177   0.00111   1.00000   1.00000
   0.59200  13.69000   0.05559 503.00000   0.00095   0.00106   1.00000   1.00000
   0.59500  16.71000   0.04776 504.00000   0.00530   0.00353   1.00000   1.00000
   0.59600  11.84000   0.05539 505.00000   0.00089   0.00089   1.00000   1.00000
   0.59600  13.53000   0.04956 506.00000   0.00357   0.00213   1.00000   1.00000
   0.59600   4.23000   0.08025 507.00000   0.00104   0.00112   1.00000   1.00000
   0.59700   3.50000   0.08659 508.00000   0.00225   0.00173   1.00000   1.00000
   0.59900  10.48000   0.05695 509.00000   0.00080   0.00097   1.00000   1.00000
   0.59900  12.88000   0.05564 510.00000   0.00100   0.00106   1.00000   1.00000
   0.59900   3.50000   0.08376 511.00000   0.00193   0.00159   1.00000   1.00000
   0.59900  15.50000   0.05164 512.00000   0.00145   0.00129   1.00000   1.00000
   0.59900   5.97000   0.06790 513.00000   0.00631   0.00109   1.00000   1.00000
   0.59900   6.44000   0.06929 514.00000   0.00208   0.00090   1.00000   1.00000
   0.60000  10.00000   0.05794 515.00000   0.00070   0.00058   1.00000   1.00000
   0.60000  15.00000   0.05106 516.00000   0.00066   0.00082   1.00000   1.00000
   0.60000   5.00000   0.07286 517.00000   0.00066   0.00051   1.00000   1.00000
   0.60100   4.98000   0.07687 518.00000   0.00231   0.00092   1.00000   1.00000
   0.60300  10.59000   0.05587 519.00000   0.00073   0.00089   1.00000   1.00000
   0.60700   8.54000   0.05926 520.00000   0.00148   0.00124   1.00000   1.00000
   0.60700   8.56000   0.05187 521.00000   0.00187   0.00099   1.00000   1.00000
   0.60700   8.91000   0.05809 522.00000   0.00093   0.00087   1.00000   1.00000
   0.60900   8.10000   0.05678 523.00000   0.00085   0.00085   1.00000   1.00000
   0.61000  20.63000   0.04705 524.00000   0.00155   0.00249   1.00000   1.00000
   0.61000   5.61000   0.06624 525.00000   0.00185   0.00106   1.00000   1.00000
   0.61100   6.34000   0.06529 526.00000   0.00170   0.00235   1.00000   1.00000
   0.61300  14.10000   0.04968 527.00000   0.00124   0.00144   1.00000   1.00000
   0.61400  14.12000   0.05140 528.00000   0.00200   0.00139   1.00000   1.00000
   0.61500   5.62000   0.06637 529.00000   0.00179   0.00093   1.00000   1.00000
   0.61600  15.10000   0.04536 530.00000   0.00082   0.00095   1.00000   1.00000
   0.61600   6.76000   0.06039 531.00000   0.00091   0.00091   1.00000   1.00000
   0.61700  10.16000   0.05140 532.00000   0.00103   0.00087   1.00000   1.00000
   0.61700  15.83000   0.04445 533.00000   0.00089   0.00120   1.00000   1.00000
   0.62000  21.40000   0.04418 534.00000   0.00159   0.00314   1.00000   1.00000
   0.62000  16.89000   0.04277 535.00000   0.00218   0.00214   1.00000   1.00000
   0.62100  11.69000   0.04778 536.00000   0.00086   0.00115   1.00000   1.00000
   0.62100   7.84000   0.05529 537.00000   0.00083   0.00088   1.00000   1.00000
   0.62400   6.64000   0.05834 538.00000   0.00286   0.00204   1.00000   1.00000
   0.62500   6.16000   0.05983 539.00000   0.00108   0.00090   1.00000   1.00000
   0.62900  14.40000   0.04365 540.00000   0.00175   0.00218   1.00000   1.00000
   0.62900   8.21000   0.05192 541.00000   0.00104   0.00083   1.00000   1.00000
   0.63200   6.18000   0.05681 542.00000   0.00114   0.00068   1.00000   1.00000
   0.63400  11.10000   0.04432 543.00000   0.00155   0.00191   1.00000   1.00000
   0.63400  17.71000   0.03794 544.00000   0.00133   0.00258   1.00000   1.00000
   0.63600   6.19000   0.05408 545.00000   0.00114   0.00087   1.00000   1.00000
   0.63900   4.15000   0.06569 546.00000   0.00164   0.00085   1.00000   1.00000
   0.64000  12.94000   0.04096 547.00000   0.00102   0.00090   1.00000   1.00000
   0.64100  12.93000   0.04035 548.00000   0.00077   0.00093   1.00000   1.00000
   0.64200  11.75000   0.04113 549.00000   0.00099   0.00107   1.00000   1.00000
   0.64200  11.78000   0.04124 550.00000   0.00165   0.00099   1.00000   1.00000
   0.64500   4.36000   0.06203 551.00000   0.00087   0.00093   1.00000   1.00000
   0.64500   7.66000   0.04830 552.00000   0.00130   0.00077   1.00000   1.00000
   0.64700  14.56000   0.03819 553.00000   0.00202   0.00168   1.00000   1.00000
   0.64900  10.99000   0.04186 554.00000   0.00063   0.00071   1.00000   1.00000
   0.64900   9.61000   0.04170 555.00000   0.00083   0.00079   1.00000   1.00000
   0.65000  13.55000   0.03790 556.00000   0.00068   0.00076   1.00000   1.00000
   0.65100   9.65000   0.04339 557.00000   0.00108   0.00074   1.00000   1.00000
   0.65600   5.79000   0.05073 558.00000   0.00157   0.00076   1.00000   1.00000
   0.65600   6.72000   0.04587 559.00000   0.00101   0.00165   1.00000   1.00000
   0.65800  22.11000   0.02871 560.00000   0.00095   0.00152   1.00000   1.00000
   0.65800   6.95000   0.04631 561.00000   0.00069   0.00074   1.00000   1.00000
   0.66200   6.65000   0.03998 562.00000   0.00828   0.00064   1.00000   1.00000
   0.66400   8.49000   0.03989 563.00000   0.00108   0.00084   1.00000   1.00000
   0.66600   6.77000   0.04712 564.00000   0.00123   0.00071   1.00000   1.00000
   0.66800  22.97000   0.02877 565.00000   0.00086   0.00190   1.00000   1.00000
   0.66800  15.91000   0.03021 566.00000   0.00057   0.00066   1.00000   1.00000
   0.66900  10.65000   0.03507 567.00000   0.00067   0.00063   1.00000   1.00000
   0.66900  16.83000   0.02861 568.00000   0.00072   0.00074   1.00000   1.00000
   0.67000   4.47000   0.05279 569.00000   0.00111   0.00069   1.00000   1.00000
   0.67000  14.78000   0.03062 570.00000   0.00058   0.00061   1.00000   1.00000
   0.67100   8.18000   0.03918 571.00000   0.00067   0.00067   1.00000   1.00000
   0.67200  15.30000   0.02989 572.00000   0.00105   0.00146   1.00000   1.00000
   0.67300   5.86000   0.04484 573.00000   0.00126   0.00081   1.00000   1.00000
   0.67400  18.76000   0.02709 574.00000   0.00084   0.00173   1.00000   1.00000
   0.67500  12.64000   0.03212 575.00000   0.00055   0.00048   1.00000   1.00000
   0.67500  16.93000   0.02838 576.00000   0.00060   0.00077   1.00000   1.00000
   0.67600  18.26000   0.02606 577.00000   0.00117   0.00130   1.00000   1.00000
   0.67800  11.24000   0.03146 578.00000   0.00053   0.00057   1.00000   1.00000
   0.67900   6.37000   0.04123 579.00000   0.00074   0.00070   1.00000   1.00000
   0.68100   7.12000   0.03957 580.00000   0.00206   0.00138   1.00000   1.00000
   0.68200  11.85000   0.02856 581.00000   0.00100   0.00123   1.00000   1.00000
   0.68200   8.52000   0.03494 582.00000   0.00063   0.00059   1.00000   1.00000
   0.68300  15.38000   0.02732 583.00000   0.00068   0.00082   1.00000   1.00000
   0.68300  15.41000   0.02805 584.00000   0.00135   0.00079   1.00000   1.00000
   0.68600   6.47000   0.03877 585.00000   0.00078   0.00062   1.00000   1.00000
   0.69000   6.73000   0.03601 586.00000   0.00155   0.00065   1.00000   1.00000
   0.69000   8.63000   0.03251 587.00000   0.00052   0.00055   1.00000   1.00000
   0.69100   9.40000   0.03148 588.00000   0.00072   0.00069   1.00000   1.00000
   0.69100   9.42000   0.02931 589.00000   0.00161   0.00056   1.00000   1.00000
   0.69200   5.18000   0.04257 590.00000   0.00158   0.00077   1.00000   1.00000
   0.69200   9.48000   0.03156 591.00000   0.00057   0.00054   1.00000   1.00000
   0.69400  13.70000   0.02643 592.00000   0.00079   0.00061   1.00000   1.00000
   0.69400  15.49000   0.02232 593.00000   0.00143   0.00100   1.00000   1.00000
   0.69600  13.70000   0.02486 594.00000   0.00055   0.00060   1.00000   1.00000
   0.70000  10.00000   0.02790 595.00000   0.00045   0.00031   1.00000   1.00000
   0.70000   5.00000   0.04069 596.00000   0.00049   0.00033   1.00000   1.00000
   0.70000   5.00000   0.04089 597.00000   0.00053   0.00041   1.00000   1.00000
   0.70100  12.53000   0.02540 598.00000   0.00051   0.00069   1.00000   1.00000
   0.70100  14.19000   0.02381 599.00000   0.00045   0.00050   1.00000   1.00000
   0.70200  11.43000   0.02624 600.00000   0.00050   0.00050   1.00000   1.00000
   0.70200   7.14000   0.03315 601.00000   0.00056   0.00056   1.00000   1.00000
   0.70400   7.14000   0.03186 602.00000   0.00076   0.00115   1.00000   1.00000
   0.70900  23.68000   0.01647 603.00000   0.00109   0.00091   1.00000   1.00000
   0.71100   6.62000   0.03213 604.00000   0.00084   0.00045   1.00000   1.00000
   0.71100   7.90000   0.03007 605.00000   0.00105   0.00060   1.00000   1.00000
   0.71200  10.21000   0.02696 606.00000   0.00059   0.00054   1.00000   1.00000
   0.71400  10.25000   0.02508 607.00000   0.00078   0.00045   1.00000   1.00000
   0.71800   6.03000   0.03218 608.00000   0.00071   0.00055   1.00000   1.00000
   0.71900  12.81000   0.02139 609.00000   0.00053   0.00058   1.00000   1.00000
   0.71900  12.85000   0.02249 610.00000   0.00130   0.00056   1.00000   1.00000
   0.72000  16.67000   0.01936 611.00000   0.00039   0.00043   1.00000   1.00000
   0.72300  11.12000   0.02138 612.00000   0.00045   0.00041   1.00000   1.00000
   0.72300  16.35000   0.01865 613.00000   0.00067   0.00091   1.00000   1.00000
   0.72600  20.09000   0.01666 614.00000   0.00050   0.00102   1.00000   1.00000
   0.72600  24.84000   0.01509 615.00000   0.00051   0.00097   1.00000   1.00000
   0.72700   7.50000   0.02264 616.00000   0.00201   0.00079   1.00000   1.00000
   0.72700   8.52000   0.02522 617.00000   0.00050   0.00045   1.00000   1.00000
   0.72700  19.51000   0.01760 618.00000   0.00137   0.00090   1.00000   1.00000
   0.72900   6.55000   0.02887 619.00000   0.00061   0.00055   1.00000   1.00000
   0.73100  17.95000   0.01642 620.00000   0.00039   0.00046   1.00000   1.00000
   0.73500   6.72000   0.02715 621.00000   0.00046   0.00046   1.00000   1.00000
   0.73600  12.68000   0.01830 622.00000   0.00068   0.00081   1.00000   1.00000
   0.73600   8.81000   0.02261 623.00000   0.00041   0.00045   1.00000   1.00000
   0.73800  16.35000   0.01628 624.00000   0.00155   0.00077   1.00000   1.00000
   0.74000  17.40000   0.01483 625.00000   0.00049   0.00036   1.00000   1.00000
   0.74200  15.71000   0.01585 626.00000   0.00038   0.00035   1.00000   1.00000
   0.74200   6.11000   0.02987 627.00000   0.00084   0.00063   1.00000   1.00000
   0.74400   7.31000   0.02351 628.00000   0.00052   0.00047   1.00000   1.00000
   0.74600   6.88000   0.02488 629.00000   0.00149   0.00060   1.00000   1.00000
   0.74600  18.25000   0.01462 630.00000   0.00058   0.00041   1.00000   1.00000
   0.74700  11.77000   0.01789 631.00000   0.00059   0.00038   1.00000   1.00000
   0.74700   8.98000   0.02039 632.00000   0.00045   0.00039   1.00000   1.00000
   0.74900  13.32000   0.01618 633.00000   0.00032   0.00031   1.00000   1.00000
   0.75000  14.46000   0.01490 634.00000   0.00058   0.00036   1.00000   1.00000
   0.75200  14.46000   0.01447 635.00000   0.00027   0.00036   1.00000   1.00000
   0.75300  14.80000   0.01437 636.00000   0.00030   0.00032   1.00000   1.00000
   0.75600  16.67000   0.01258 637.00000   0.00038   0.00040   1.00000   1.00000
   0.75600  16.69000   0.01406 638.00000   0.00110   0.00042   1.00000   1.00000
   0.75800   9.88000   0.01777 639.00000   0.00036   0.00034   1.00000   1.00000
   0.76000   7.60000   0.02022 640.00000   0.00051   0.00075   1.00000   1.00000
   0.76200  11.95000   0.01472 641.00000   0.00028   0.00031   1.00000   1.00000
   0.76800   7.44000   0.01945 642.00000   0.00074   0.00033   1.00000   1.00000
   0.77000  10.72000   0.01435 643.00000   0.00039   0.00032   1.00000   1.00000
   0.77000  17.37000   0.01133 644.00000   0.00024   0.00027   1.00000   1.00000
   0.77100   8.09000   0.01722 645.00000   0.00091   0.00048   1.00000   1.00000
   0.77100   9.15000   0.01654 646.00000   0.00071   0.00043   1.00000   1.00000
   0.77400  11.54000   0.01336 647.00000   0.00028   0.00029   1.00000   1.00000
   0.77500  17.41000   0.00981 648.00000   0.00034   0.00050   1.00000   1.00000
   0.77900   8.81000   0.01602 649.00000   0.00034   0.00034   1.00000   1.00000
   0.78000  18.81000   0.01007 650.00000   0.00023   0.00030   1.00000   1.00000
   0.78100  10.25000   0.01376 651.00000   0.00037   0.00033   1.00000   1.00000
   0.78100  10.28000   0.01447 652.00000   0.00114   0.00032   1.00000   1.00000
   0.78100  10.85000   0.01408 653.00000   0.00042   0.00030   1.00000   1.00000
   0.78400  21.56000   0.00799 654.00000   0.00029   0.00049   1.00000   1.00000
   0.78500   9.05000   0.01473 655.00000   0.00031   0.00035   1.00000   1.00000
   0.78600  26.73000   0.00738 656.00000   0.00022   0.00048   1.00000   1.00000
   0.78700  13.64000   0.01058 657.00000   0.00026   0.00023   1.00000   1.00000
   0.78700   9.20000   0.01355 658.00000   0.00030   0.00030   1.00000   1.00000
   0.78900  13.36000   0.01109 659.00000   0.00026   0.00034   1.00000   1.00000
   0.79200  13.53000   0.01009 660.00000   0.00037   0.00047   1.00000   1.00000
   0.79900  19.17000   0.00782 661.00000   0.00045   0.00025   1.00000   1.00000
   0.80000  10.00000   0.01125 662.00000   0.00021   0.00017   1.00000   1.00000
   0.80000  13.88000   0.00916 663.00000   0.00026   0.00027   1.00000   1.00000
   0.80000  13.92000   0.00930 664.00000   0.00093   0.00027   1.00000   1.00000
   0.80100  10.11000   0.01159 665.00000   0.00029   0.00028   1.00000   1.00000
   0.80300  15.11000   0.00846 666.00000   0.00017   0.00024   1.00000   1.00000
   0.80600  18.35000   0.00703 667.00000   0.00019   0.00020   1.00000   1.00000
   0.80700  16.46000   0.00739 668.00000   0.00020   0.00019   1.00000   1.00000
   0.80800  15.41000   0.00779 669.00000   0.00017   0.00020   1.00000   1.00000
   0.80900  15.22000   0.00684 670.00000   0.00051   0.00019   1.00000   1.00000
   0.81100  11.08000   0.00910 671.00000   0.00024   0.00023   1.00000   1.00000
   0.81900  12.41000   0.00749 672.00000   0.00021   0.00019   1.00000   1.00000
   0.82000  11.89000   0.00813 673.00000   0.00024   0.00021   1.00000   1.00000
   0.82000  13.91000   0.00715 674.00000   0.00021   0.00019   1.00000   1.00000
   0.82400  18.09000   0.00575 675.00000   0.00013   0.00017   1.00000   1.00000
   0.82600  18.45000   0.00553 676.00000   0.00019   0.00032   1.00000   1.00000
   0.83100  17.95000   0.00519 677.00000   0.00023   0.00020   1.00000   1.00000
   0.83300  19.70000   0.00506 678.00000   0.00012   0.00018   1.00000   1.00000
   0.83800  22.92000   0.00382 679.00000   0.00015   0.00026   1.00000   1.00000
   0.84300  14.28000   0.00539 680.00000   0.00027   0.00030   1.00000   1.00000
   0.84500  28.61000   0.00301 681.00000   0.00011   0.00023   1.00000   1.00000
   0.85100  15.70000   0.00471 682.00000   0.00012   0.00016   1.00000   1.00000
   0.85400  20.08000   0.00389 683.00000   0.00028   0.00016   1.00000   1.00000
   0.85500  15.91000   0.00451 684.00000   0.00012   0.00015   1.00000   1.00000
   0.86000  19.10000   0.00333 685.00000   0.00012   0.00012   1.00000   1.00000
   0.86100  17.06000   0.00335 686.00000   0.00015   0.00012   1.00000   1.00000
   0.86900  18.65000   0.00309 687.00000   0.00009   0.00012   1.00000   1.00000
   0.87200  15.98000   0.00358 688.00000   0.00028   0.00014   1.00000   1.00000
   0.87400  19.39000   0.00249 689.00000   0.00011   0.00018   1.00000   1.00000
   0.87700  20.43000   0.00257 690.00000   0.00008   0.00012   1.00000   1.00000
   0.88400  24.04000   0.00187 691.00000   0.00008   0.00015   1.00000   1.00000
   0.89600  30.20000   0.00125 692.00000   0.00007   0.00011   1.00000   1.00000
